209
BetaCoV_Wuhan_IVDC_HB_01_2019_EPI_ISL_402119             0.0000000 0.0000669 0.0000669 0.0001004 0.0000010 0.0000010 0.0000671 0.0000670 0.0000010 0.0000670 0.0408796 0.0000335 0.0000335 0.0000010 0.0000335 0.0002008 0.0001005 0.0001005 0.0000335 0.0000335 0.0000335 0.0000010 0.0000010 0.0000670 0.0000010 0.0000010 0.0001004 0.0001673 0.0001005 0.0001339 0.0002343 0.0000669 0.0001339 0.0000335 0.0000670 0.0000670 0.0000335 0.0000336 0.0000010 0.0009054 0.0001004 0.0000669 0.0003012 0.0000670 0.0000671 0.0000010 0.0000010 0.0000670 0.0018257 0.0000010 0.0001004 0.0001004 0.0001007 0.0000010 0.0000335 0.0001341 0.0001676 0.0000010 0.0000670 0.0001342 0.0001004 0.0000010 0.0000672 0.0001341 0.0002009 0.0001005 0.0000335 0.0000335 0.0001004 0.0001004 0.0000669 0.0001005 0.0000335 0.0001673 0.0001004 0.0000335 0.0002343 0.0009153 0.0002009 0.0005356 0.0000335 0.0008585 0.0000335 0.0000679 0.0000701 0.0007124 0.0000669 0.0001004 0.0001674 0.0001339 0.0001674 0.0004351 0.0001339 0.0000335 0.0000673 0.0000336 0.0001063 0.0001339 0.0000010 0.0002343 0.0000670 0.0000335 0.0001382 0.0000010 0.0000010 0.0001020 0.0000670 0.0000335 0.2092354 0.2094095 0.2089602 0.2094272 0.2085230 0.2097219 0.0885474 0.0000670 0.0000672 0.0000669 0.0000672 0.0000669 0.0000669 0.0001674 0.0001339 0.0000670 0.0000670 0.1196521 0.0001004 0.0001004 0.0000669 0.0001004 0.0000670 0.0000669 0.0000335 0.0000010 0.0001004 0.0000010 0.0003012 0.0001004 0.0002343 0.0001673 0.0001339 0.0000335 0.0002343 0.0002344 0.0000010 0.0002345 0.0000671 0.0000670 0.0001341 0.0001675 0.1209574 0.0000335 0.0002686 0.0001343 0.0002014 0.0000336 0.0002350 0.0000335 0.0000010 0.0010652 0.0002689 0.0001046 0.0001356 0.0002342 0.0004016 0.0006024 0.0005356 0.0002010 0.0003405 0.0003016 0.0001338 0.0000669 0.0002015 0.0001340 0.0000670 0.0001676 0.0001676 0.0001676 0.0002694 0.0000670 0.0001004 0.0001679 0.0002009 0.0001340 0.0002009 0.0003015 0.0003348 0.0002346 0.0003022 0.0002679 0.0004350 0.0002351 0.0001679 0.0003080 0.0001675 0.0003346 0.0002008 0.0000675 0.0003015 0.0002692 0.0004099 0.0002017 0.0002008 0.0001679 0.0001338 0.0001338 0.0001673 0.0001675 0.0002010 
BetaCoV_Wuhan_IVDC_HB_04_2020_EPI_ISL_402120             0.0000669 0.0000000 0.0001338 0.0001673 0.0000669 0.0000669 0.0001341 0.0001340 0.0000670 0.0001340 0.0409550 0.0001005 0.0001004 0.0000669 0.0001004 0.0002677 0.0001676 0.0001676 0.0001005 0.0001005 0.0001005 0.0000670 0.0000670 0.0001341 0.0000670 0.0000670 0.0001673 0.0002342 0.0001676 0.0002008 0.0003012 0.0001339 0.0002008 0.0001007 0.0001341 0.0001341 0.0001005 0.0001007 0.0000670 0.0009725 0.0001673 0.0001338 0.0003681 0.0001340 0.0001342 0.0000669 0.0000669 0.0001339 0.0019303 0.0000670 0.0001674 0.0001673 0.0001679 0.0000670 0.0001005 0.0002011 0.0002346 0.0000674 0.0001340 0.0002012 0.0001673 0.0000670 0.0001343 0.0002011 0.0002679 0.0001675 0.0001005 0.0001005 0.0001673 0.0001673 0.0001339 0.0001674 0.0001005 0.0002342 0.0001673 0.0001004 0.0003013 0.0009832 0.0002678 0.0006026 0.0001004 0.0009272 0.0001006 0.0001357 0.0001051 0.0007520 0.0001338 0.0001673 0.0002343 0.0002008 0.0002343 0.0005020 0.0002008 0.0001004 0.0001345 0.0001007 0.0001772 0.0002008 0.0000670 0.0003012 0.0001339 0.0001006 0.0002074 0.0000669 0.0000669 0.0001700 0.0001340 0.0001006 0.2093500 0.2095241 0.2090747 0.2095418 0.2086373 0.2098469 0.0886670 0.0001339 0.0001343 0.0001338 0.0001344 0.0001338 0.0001338 0.0002344 0.0002009 0.0001340 0.0001339 0.1197460 0.0001674 0.0001674 0.0001338 0.0001674 0.0001339 0.0001339 0.0001004 0.0000670 0.0001673 0.0000669 0.0003680 0.0001673 0.0003012 0.0002342 0.0002008 0.0001004 0.0003012 0.0003013 0.0000670 0.0003016 0.0001343 0.0001340 0.0002011 0.0002346 0.1210678 0.0001004 0.0003358 0.0002014 0.0002686 0.0001007 0.0003022 0.0001005 0.0000670 0.0011340 0.0003361 0.0001743 0.0002033 0.0003012 0.0005354 0.0007697 0.0007029 0.0002681 0.0004086 0.0003686 0.0002007 0.0001338 0.0002687 0.0002011 0.0001340 0.0002346 0.0002346 0.0002346 0.0003368 0.0001340 0.0001674 0.0002351 0.0002678 0.0002010 0.0002678 0.0003685 0.0004018 0.0003016 0.0003694 0.0003349 0.0005019 0.0003023 0.0002351 0.0003765 0.0002345 0.0004015 0.0002676 0.0001350 0.0003685 0.0003365 0.0004782 0.0002690 0.0002677 0.0002351 0.0002007 0.0002007 0.0002342 0.0002345 0.0002680 
BetaCoV_Wuhan_IVDC_HB_05_2019_EPI_ISL_402121             0.0000669 0.0001338 0.0000000 0.0001673 0.0000669 0.0000669 0.0001341 0.0001340 0.0000670 0.0001340 0.0409568 0.0001005 0.0001004 0.0000669 0.0001004 0.0002677 0.0001676 0.0001676 0.0001005 0.0001005 0.0001005 0.0000670 0.0000670 0.0001341 0.0000670 0.0000670 0.0001673 0.0002342 0.0001676 0.0002008 0.0003012 0.0001339 0.0002008 0.0001007 0.0001341 0.0001341 0.0001005 0.0001007 0.0000670 0.0009725 0.0001673 0.0001338 0.0003681 0.0001340 0.0001342 0.0000669 0.0000669 0.0001339 0.0019304 0.0000670 0.0001674 0.0001673 0.0001679 0.0000670 0.0001005 0.0002011 0.0002346 0.0000674 0.0001340 0.0002012 0.0001673 0.0000670 0.0001343 0.0002011 0.0002679 0.0001675 0.0001005 0.0001005 0.0001673 0.0001673 0.0001339 0.0001674 0.0001005 0.0002342 0.0001673 0.0001004 0.0003013 0.0009832 0.0002678 0.0006026 0.0001004 0.0009273 0.0001006 0.0001357 0.0001401 0.0007917 0.0001338 0.0001673 0.0002343 0.0002008 0.0002343 0.0005020 0.0002008 0.0001004 0.0001345 0.0001007 0.0001772 0.0002008 0.0000670 0.0003012 0.0001339 0.0001006 0.0002074 0.0000669 0.0000669 0.0001700 0.0001340 0.0001006 0.2092024 0.2093764 0.2089272 0.2093941 0.2084901 0.2096858 0.0885473 0.0001339 0.0001343 0.0001338 0.0001344 0.0001338 0.0001338 0.0002344 0.0002009 0.0001340 0.0001339 0.1196521 0.0001674 0.0001674 0.0001338 0.0001674 0.0001339 0.0001339 0.0001004 0.0000670 0.0001673 0.0000669 0.0003681 0.0001673 0.0003012 0.0002342 0.0002008 0.0001004 0.0003012 0.0003013 0.0000670 0.0003016 0.0001343 0.0001340 0.0002011 0.0002346 0.1209574 0.0001004 0.0003358 0.0002014 0.0002686 0.0001007 0.0003022 0.0001005 0.0000670 0.0011341 0.0003361 0.0001743 0.0002033 0.0003012 0.0004685 0.0006694 0.0006025 0.0002681 0.0004086 0.0003686 0.0002008 0.0001338 0.0002687 0.0002011 0.0001340 0.0002346 0.0002346 0.0002346 0.0003368 0.0001341 0.0001674 0.0002351 0.0002679 0.0002010 0.0002678 0.0003685 0.0004018 0.0003016 0.0003694 0.0003349 0.0005020 0.0003023 0.0002351 0.0003765 0.0002345 0.0004016 0.0002677 0.0001350 0.0003685 0.0003365 0.0004783 0.0002690 0.0002678 0.0002351 0.0002008 0.0002008 0.0002342 0.0002345 0.0002680 
BetaCoV_Wuhan_IPBCAMS_WH_01_2019_EPI_ISL_402123          0.0001004 0.0001673 0.0001673 0.0000000 0.0001004 0.0001003 0.0001677 0.0001675 0.0001005 0.0001675 0.0409963 0.0001340 0.0001339 0.0001004 0.0001338 0.0003012 0.0002011 0.0002011 0.0001340 0.0001340 0.0001340 0.0001005 0.0001005 0.0001676 0.0001005 0.0001004 0.0002008 0.0002677 0.0002011 0.0002343 0.0003347 0.0001673 0.0002343 0.0001342 0.0001676 0.0001676 0.0001341 0.0001342 0.0001005 0.0010062 0.0002008 0.0001673 0.0004016 0.0001675 0.0001678 0.0001004 0.0001004 0.0001674 0.0019304 0.0001004 0.0002009 0.0002008 0.0002015 0.0001006 0.0001340 0.0002346 0.0002682 0.0001011 0.0001675 0.0002348 0.0002008 0.0001006 0.0001679 0.0002347 0.0003014 0.0002010 0.0001340 0.0001340 0.0002008 0.0002008 0.0001673 0.0002009 0.0001340 0.0002677 0.0002008 0.0001339 0.0003348 0.0010172 0.0003013 0.0006361 0.0001339 0.0009617 0.0001342 0.0001697 0.0001752 0.0008314 0.0001673 0.0002008 0.0002678 0.0002343 0.0002678 0.0005355 0.0002343 0.0001339 0.0001681 0.0001343 0.0002127 0.0002343 0.0001005 0.0003347 0.0001674 0.0001342 0.0002419 0.0001004 0.0001004 0.0002040 0.0001676 0.0001341 0.2094383 0.2096124 0.2091628 0.2096301 0.2087254 0.2099434 0.0886130 0.0001674 0.0001679 0.0001673 0.0001680 0.0001673 0.0001673 0.0002679 0.0002344 0.0001676 0.0001674 0.1198069 0.0002009 0.0002009 0.0001673 0.0002009 0.0001674 0.0001674 0.0001339 0.0001005 0.0002008 0.0001004 0.0004015 0.0002008 0.0003347 0.0002677 0.0002343 0.0001339 0.0003347 0.0003348 0.0001004 0.0003351 0.0001678 0.0001676 0.0002346 0.0002681 0.1211396 0.0001339 0.0003694 0.0002350 0.0003022 0.0001343 0.0003358 0.0001340 0.0001005 0.0011685 0.0003698 0.0002091 0.0002372 0.0003347 0.0006357 0.0009050 0.0007374 0.0003016 0.0004427 0.0004022 0.0002342 0.0001672 0.0003023 0.0002346 0.0001675 0.0002681 0.0002681 0.0002682 0.0003705 0.0001675 0.0002009 0.0002687 0.0003013 0.0002345 0.0003013 0.0004020 0.0004353 0.0003351 0.0004030 0.0003684 0.0005353 0.0003358 0.0002687 0.0004107 0.0002680 0.0004349 0.0003011 0.0001687 0.0004020 0.0003701 0.0005123 0.0003026 0.0003012 0.0002687 0.0002342 0.0002342 0.0002676 0.0002680 0.0003016 
BetaCoV_Wuhan_WIV04_2019_EPI_ISL_402124                  0.0000010 0.0000669 0.0000669 0.0001004 0.0000000 0.0000010 0.0000671 0.0000670 0.0000010 0.0000670 0.0408796 0.0000335 0.0000335 0.0000010 0.0000335 0.0002008 0.0001005 0.0001005 0.0000335 0.0000335 0.0000335 0.0000010 0.0000010 0.0000670 0.0000010 0.0000010 0.0001004 0.0001673 0.0001005 0.0001339 0.0002343 0.0000669 0.0001339 0.0000335 0.0000670 0.0000670 0.0000335 0.0000336 0.0000010 0.0009054 0.0001004 0.0000669 0.0003012 0.0000670 0.0000671 0.0000010 0.0000010 0.0000670 0.0018257 0.0000010 0.0001004 0.0001004 0.0001007 0.0000010 0.0000335 0.0001341 0.0001676 0.0000010 0.0000670 0.0001342 0.0001004 0.0000010 0.0000672 0.0001341 0.0002009 0.0001005 0.0000335 0.0000335 0.0001004 0.0001004 0.0000669 0.0001005 0.0000335 0.0001673 0.0001004 0.0000335 0.0002343 0.0009153 0.0002009 0.0005356 0.0000335 0.0008585 0.0000335 0.0000679 0.0000701 0.0007124 0.0000669 0.0001004 0.0001674 0.0001339 0.0001674 0.0004351 0.0001339 0.0000335 0.0000673 0.0000336 0.0001063 0.0001339 0.0000010 0.0002343 0.0000670 0.0000335 0.0001382 0.0000010 0.0000010 0.0001020 0.0000670 0.0000335 0.2092354 0.2094095 0.2089602 0.2094272 0.2085230 0.2097219 0.0885474 0.0000670 0.0000672 0.0000669 0.0000672 0.0000669 0.0000669 0.0001674 0.0001339 0.0000670 0.0000670 0.1196521 0.0001004 0.0001004 0.0000669 0.0001004 0.0000670 0.0000669 0.0000335 0.0000010 0.0001004 0.0000010 0.0003012 0.0001004 0.0002343 0.0001673 0.0001339 0.0000335 0.0002343 0.0002344 0.0000010 0.0002345 0.0000671 0.0000670 0.0001341 0.0001675 0.1209574 0.0000335 0.0002686 0.0001343 0.0002014 0.0000336 0.0002350 0.0000335 0.0000010 0.0010652 0.0002689 0.0001046 0.0001356 0.0002342 0.0004016 0.0006024 0.0005356 0.0002010 0.0003405 0.0003016 0.0001338 0.0000669 0.0002015 0.0001340 0.0000670 0.0001676 0.0001676 0.0001676 0.0002694 0.0000670 0.0001004 0.0001679 0.0002009 0.0001340 0.0002009 0.0003015 0.0003348 0.0002346 0.0003022 0.0002679 0.0004350 0.0002351 0.0001679 0.0003080 0.0001675 0.0003346 0.0002008 0.0000675 0.0003015 0.0002692 0.0004099 0.0002017 0.0002008 0.0001679 0.0001338 0.0001338 0.0001673 0.0001675 0.0002010 
BetaCoV_Wuhan_Hu_1_2019_EPI_ISL_402125                   0.0000010 0.0000669 0.0000669 0.0001003 0.0000010 0.0000000 0.0000671 0.0000670 0.0000010 0.0000670 0.0408796 0.0000335 0.0000335 0.0000010 0.0000334 0.0002008 0.0001005 0.0001005 0.0000335 0.0000335 0.0000335 0.0000010 0.0000010 0.0000670 0.0000010 0.0000010 0.0001004 0.0001673 0.0001005 0.0001339 0.0002343 0.0000669 0.0001339 0.0000335 0.0000670 0.0000670 0.0000335 0.0000336 0.0000010 0.0009054 0.0001004 0.0000669 0.0003012 0.0000670 0.0000671 0.0000010 0.0000010 0.0000670 0.0018257 0.0000010 0.0001004 0.0001004 0.0001007 0.0000010 0.0000335 0.0001341 0.0001676 0.0000010 0.0000670 0.0001342 0.0001004 0.0000010 0.0000672 0.0001341 0.0002009 0.0001005 0.0000335 0.0000335 0.0001004 0.0001004 0.0000669 0.0001005 0.0000335 0.0001673 0.0001004 0.0000335 0.0002343 0.0009153 0.0002009 0.0005356 0.0000335 0.0008585 0.0000335 0.0000679 0.0000701 0.0007124 0.0000669 0.0001004 0.0001674 0.0001339 0.0001674 0.0004351 0.0001339 0.0000335 0.0000673 0.0000336 0.0001063 0.0001339 0.0000010 0.0002343 0.0000670 0.0000335 0.0001382 0.0000010 0.0000010 0.0001020 0.0000670 0.0000335 0.2092354 0.2094095 0.2089602 0.2094272 0.2085230 0.2097219 0.0885474 0.0000670 0.0000672 0.0000669 0.0000672 0.0000669 0.0000669 0.0001674 0.0001339 0.0000670 0.0000670 0.1196521 0.0001004 0.0001004 0.0000669 0.0001004 0.0000670 0.0000669 0.0000335 0.0000010 0.0001004 0.0000010 0.0003010 0.0001004 0.0002343 0.0001673 0.0001339 0.0000335 0.0002343 0.0002344 0.0000010 0.0002345 0.0000671 0.0000670 0.0001341 0.0001675 0.1209574 0.0000335 0.0002686 0.0001343 0.0002014 0.0000336 0.0002350 0.0000335 0.0000010 0.0010652 0.0002689 0.0001046 0.0001356 0.0002342 0.0005687 0.0008043 0.0006359 0.0002010 0.0003405 0.0003016 0.0001338 0.0000669 0.0002015 0.0001340 0.0000670 0.0001676 0.0001676 0.0001676 0.0002694 0.0000670 0.0001004 0.0001679 0.0002008 0.0001340 0.0002009 0.0003015 0.0003348 0.0002346 0.0003022 0.0002679 0.0004349 0.0002351 0.0001679 0.0003080 0.0001675 0.0003345 0.0002007 0.0000675 0.0003015 0.0002691 0.0004098 0.0002017 0.0002008 0.0001679 0.0001338 0.0001338 0.0001672 0.0001675 0.0002010 
BetaCoV_Wuhan_WIV02_2019_EPI_ISL_402127                  0.0000671 0.0001341 0.0001341 0.0001677 0.0000671 0.0000671 0.0000000 0.0001341 0.0000671 0.0001341 0.0409883 0.0001006 0.0001006 0.0000671 0.0001006 0.0002683 0.0001677 0.0001677 0.0001006 0.0001006 0.0001006 0.0000671 0.0000671 0.0001006 0.0000671 0.0000671 0.0001677 0.0002347 0.0001677 0.0001677 0.0003018 0.0001341 0.0002012 0.0001007 0.0001341 0.0001341 0.0001006 0.0001007 0.0000671 0.0009746 0.0001677 0.0001341 0.0003689 0.0001341 0.0001343 0.0000671 0.0000671 0.0001341 0.0018780 0.0000671 0.0001341 0.0001677 0.0001679 0.0000671 0.0001006 0.0002013 0.0002349 0.0000674 0.0001342 0.0002013 0.0001677 0.0000671 0.0001343 0.0002012 0.0002683 0.0001341 0.0001006 0.0001006 0.0001677 0.0001677 0.0001341 0.0001677 0.0001006 0.0002347 0.0001677 0.0001006 0.0003018 0.0009503 0.0002683 0.0005368 0.0001006 0.0008600 0.0001007 0.0001357 0.0001402 0.0007917 0.0001006 0.0001677 0.0002347 0.0002012 0.0002347 0.0002347 0.0002012 0.0001006 0.0001345 0.0001007 0.0001772 0.0002012 0.0000671 0.0003018 0.0001341 0.0001007 0.0002075 0.0000671 0.0000671 0.0001700 0.0001342 0.0001006 0.2087335 0.2089075 0.2084588 0.2089252 0.2086675 0.2098405 0.0886739 0.0001341 0.0001343 0.0001341 0.0001344 0.0001341 0.0001341 0.0002347 0.0002012 0.0001342 0.0001341 0.1197536 0.0001677 0.0001677 0.0001341 0.0001677 0.0001341 0.0001341 0.0001006 0.0000671 0.0001341 0.0000671 0.0003689 0.0001677 0.0003018 0.0002347 0.0002012 0.0000335 0.0003018 0.0001006 0.0000671 0.0002683 0.0001343 0.0001341 0.0002013 0.0002347 0.1210769 0.0001006 0.0003025 0.0002016 0.0002689 0.0000672 0.0002689 0.0000335 0.0000671 0.0010652 0.0003361 0.0001743 0.0002033 0.0001341 0.0002012 0.0001006 0.0001341 0.0002683 0.0004087 0.0003354 0.0002012 0.0001341 0.0002687 0.0002012 0.0001341 0.0002347 0.0002347 0.0002348 0.0003368 0.0001342 0.0001677 0.0002351 0.0002683 0.0002012 0.0002683 0.0003690 0.0004025 0.0003020 0.0003694 0.0003354 0.0003354 0.0003023 0.0002351 0.0003765 0.0002347 0.0002347 0.0002683 0.0001350 0.0003354 0.0003369 0.0003420 0.0002690 0.0002683 0.0002351 0.0002012 0.0002012 0.0002347 0.0002348 0.0002683 
BetaCoV_Wuhan_WIV05_2019_EPI_ISL_402128                  0.0000670 0.0001340 0.0001340 0.0001675 0.0000670 0.0000670 0.0001341 0.0000000 0.0000670 0.0001340 0.0409899 0.0001005 0.0001005 0.0000670 0.0001005 0.0002680 0.0001676 0.0001676 0.0001005 0.0001005 0.0001005 0.0000670 0.0000670 0.0001341 0.0000670 0.0000670 0.0001675 0.0002345 0.0001676 0.0001675 0.0003015 0.0001340 0.0002010 0.0001007 0.0001341 0.0001341 0.0001005 0.0001007 0.0000670 0.0009736 0.0001675 0.0001340 0.0003686 0.0001340 0.0001342 0.0000670 0.0000670 0.0001341 0.0019304 0.0000670 0.0001675 0.0001676 0.0001679 0.0000671 0.0001006 0.0002012 0.0002347 0.0000674 0.0001341 0.0002012 0.0001675 0.0000670 0.0001343 0.0002012 0.0002680 0.0001676 0.0001006 0.0001006 0.0001675 0.0001675 0.0001340 0.0001675 0.0001005 0.0002345 0.0001675 0.0001005 0.0003015 0.0009160 0.0002681 0.0005363 0.0001005 0.0008592 0.0001007 0.0001357 0.0001401 0.0007917 0.0001340 0.0001675 0.0002345 0.0002010 0.0002345 0.0003686 0.0002010 0.0001005 0.0001345 0.0001007 0.0001772 0.0002010 0.0000671 0.0003015 0.0001340 0.0001006 0.0002074 0.0000670 0.0000670 0.0001700 0.0001341 0.0001006 0.2090701 0.2092442 0.2087951 0.2092618 0.2086542 0.2097935 0.0886739 0.0001340 0.0001343 0.0001340 0.0001344 0.0001340 0.0001340 0.0002345 0.0002010 0.0001341 0.0001340 0.1197536 0.0001675 0.0001675 0.0001340 0.0001675 0.0001340 0.0001340 0.0001005 0.0000670 0.0001340 0.0000670 0.0003686 0.0001675 0.0003015 0.0002345 0.0002010 0.0001005 0.0003015 0.0001005 0.0000670 0.0003016 0.0001343 0.0001341 0.0002012 0.0002346 0.1210769 0.0001005 0.0003024 0.0002016 0.0002688 0.0000672 0.0002688 0.0001005 0.0000670 0.0011341 0.0003361 0.0001743 0.0002033 0.0001340 0.0002010 0.0002010 0.0001340 0.0002681 0.0004086 0.0003686 0.0002010 0.0001340 0.0002687 0.0002011 0.0001340 0.0002346 0.0002346 0.0002346 0.0003368 0.0001342 0.0001676 0.0002351 0.0002681 0.0002010 0.0002680 0.0003687 0.0004021 0.0003017 0.0003694 0.0003351 0.0003686 0.0003023 0.0002351 0.0003765 0.0002345 0.0002345 0.0002680 0.0001350 0.0003351 0.0003369 0.0003761 0.0002690 0.0002680 0.0002351 0.0002010 0.0002010 0.0002345 0.0002346 0.0002681 
BetaCoV_Wuhan_WIV06_2019_EPI_ISL_402129                  0.0000010 0.0000670 0.0000670 0.0001005 0.0000010 0.0000010 0.0000671 0.0000670 0.0000000 0.0000670 0.0409074 0.0000335 0.0000335 0.0000010 0.0000335 0.0002010 0.0001005 0.0001005 0.0000335 0.0000335 0.0000335 0.0000010 0.0000010 0.0000670 0.0000010 0.0000010 0.0001005 0.0001675 0.0001006 0.0001005 0.0002345 0.0000670 0.0001340 0.0000335 0.0000670 0.0000670 0.0000335 0.0000336 0.0000010 0.0009063 0.0001005 0.0000670 0.0003015 0.0000670 0.0000671 0.0000010 0.0000010 0.0000670 0.0018257 0.0000010 0.0001005 0.0001005 0.0001007 0.0000010 0.0000335 0.0001341 0.0001676 0.0000010 0.0000670 0.0001342 0.0001005 0.0000010 0.0000672 0.0001341 0.0002010 0.0001005 0.0000335 0.0000335 0.0001005 0.0001005 0.0000670 0.0001005 0.0000335 0.0001675 0.0001005 0.0000335 0.0002345 0.0009159 0.0002010 0.0004692 0.0000335 0.0007904 0.0000336 0.0000679 0.0000701 0.0007124 0.0000670 0.0001005 0.0001675 0.0001340 0.0001675 0.0003686 0.0001340 0.0000335 0.0000673 0.0000336 0.0001063 0.0001340 0.0000010 0.0002345 0.0000670 0.0000335 0.0001383 0.0000010 0.0000010 0.0001020 0.0000670 0.0000335 0.2088013 0.2089753 0.2085266 0.2089930 0.2085230 0.2097219 0.0885474 0.0000670 0.0000672 0.0000670 0.0000672 0.0000670 0.0000670 0.0001675 0.0001340 0.0000670 0.0000670 0.1196521 0.0001005 0.0001005 0.0000670 0.0001005 0.0000670 0.0000670 0.0000335 0.0000010 0.0000670 0.0000010 0.0003015 0.0001005 0.0002345 0.0001675 0.0001340 0.0000335 0.0002345 0.0000335 0.0000010 0.0002346 0.0000671 0.0000670 0.0001341 0.0001676 0.1209574 0.0000335 0.0002352 0.0001344 0.0002016 0.0000010 0.0002016 0.0000335 0.0000010 0.0010652 0.0002689 0.0001046 0.0001356 0.0000670 0.0001340 0.0001340 0.0000670 0.0002010 0.0003405 0.0003016 0.0001340 0.0000670 0.0002015 0.0001340 0.0000670 0.0001676 0.0001676 0.0001676 0.0002694 0.0000671 0.0001005 0.0001679 0.0002011 0.0001340 0.0002010 0.0003016 0.0003350 0.0002347 0.0003022 0.0002680 0.0003686 0.0002351 0.0001679 0.0003080 0.0001675 0.0001675 0.0002010 0.0000675 0.0002681 0.0002694 0.0003761 0.0002017 0.0002010 0.0001679 0.0001340 0.0001340 0.0001675 0.0001675 0.0002010 
BetaCoV_Wuhan_WIV07_2019_EPI_ISL_402130                  0.0000670 0.0001340 0.0001340 0.0001675 0.0000670 0.0000670 0.0001341 0.0001340 0.0000670 0.0000000 0.0409834 0.0001005 0.0001005 0.0000670 0.0001005 0.0002680 0.0001676 0.0001676 0.0001005 0.0001005 0.0001005 0.0000670 0.0000670 0.0001341 0.0000670 0.0000670 0.0001675 0.0002345 0.0001676 0.0001675 0.0003015 0.0001340 0.0002010 0.0001007 0.0001341 0.0001341 0.0001005 0.0001007 0.0000670 0.0009735 0.0001675 0.0001340 0.0003685 0.0001340 0.0001342 0.0000670 0.0000670 0.0001340 0.0019305 0.0000670 0.0001675 0.0001675 0.0001679 0.0000671 0.0001006 0.0002012 0.0002347 0.0000674 0.0001341 0.0002012 0.0001675 0.0000670 0.0001343 0.0002011 0.0002680 0.0001676 0.0001006 0.0001006 0.0001675 0.0001675 0.0001340 0.0001675 0.0001005 0.0002345 0.0001675 0.0001005 0.0003015 0.0009839 0.0002680 0.0005362 0.0001005 0.0008592 0.0001007 0.0001357 0.0001401 0.0007917 0.0001340 0.0001675 0.0002345 0.0002010 0.0002345 0.0005026 0.0002010 0.0001005 0.0001345 0.0001007 0.0001418 0.0002010 0.0000670 0.0003015 0.0001340 0.0001006 0.0002074 0.0000670 0.0000670 0.0001700 0.0001341 0.0001006 0.2090180 0.2091921 0.2087431 0.2092098 0.2086643 0.2098765 0.0886072 0.0001340 0.0001343 0.0001340 0.0001344 0.0001340 0.0001340 0.0002345 0.0002010 0.0001341 0.0001340 0.1197593 0.0001675 0.0001675 0.0001340 0.0001675 0.0001340 0.0001340 0.0001005 0.0000670 0.0001340 0.0000670 0.0003685 0.0001675 0.0003015 0.0002345 0.0002010 0.0001005 0.0003015 0.0001005 0.0000670 0.0003016 0.0001343 0.0001340 0.0002012 0.0002346 0.1210126 0.0001005 0.0003360 0.0002016 0.0002688 0.0001008 0.0002688 0.0001005 0.0000670 0.0011341 0.0003361 0.0001743 0.0002033 0.0001340 0.0002010 0.0002010 0.0001340 0.0002681 0.0004086 0.0003686 0.0002010 0.0001340 0.0002687 0.0002011 0.0001340 0.0002346 0.0002346 0.0002346 0.0003368 0.0001341 0.0001675 0.0002351 0.0002681 0.0002010 0.0002680 0.0003687 0.0004020 0.0003018 0.0003694 0.0003350 0.0004690 0.0003023 0.0002351 0.0003765 0.0002345 0.0002345 0.0002680 0.0001350 0.0003351 0.0003368 0.0004786 0.0002690 0.0002680 0.0002351 0.0002010 0.0002010 0.0002345 0.0002345 0.0002681 
BetaCoV_bat_Yunnan_RaTG13_2013_EPI_ISL_402131            0.0408796 0.0409550 0.0409568 0.0409963 0.0408796 0.0408796 0.0409883 0.0409899 0.0409074 0.0409834 0.0000000 0.0409579 0.0409297 0.0408796 0.0409168 0.0411181 0.0408114 0.0408114 0.0409261 0.0409614 0.0409614 0.0409185 0.0409041 0.0409659 0.0408655 0.0407906 0.0407772 0.0408424 0.0407806 0.0410515 0.0409342 0.0409675 0.0408187 0.0409732 0.0409663 0.0409663 0.0408535 0.0409053 0.0408908 0.0417934 0.0407674 0.0409550 0.0410411 0.0409957 0.0410169 0.0408894 0.0408894 0.0409399 0.0396943 0.0408534 0.0408460 0.0409360 0.0409340 0.0409512 0.0409784 0.0409062 0.0409434 0.0405977 0.0409323 0.0409251 0.0407772 0.0408956 0.0408195 0.0408999 0.0409081 0.0408320 0.0409818 0.0409813 0.0410044 0.0410044 0.0409649 0.0410296 0.0409527 0.0408429 0.0408462 0.0409211 0.0411570 0.0418419 0.0408860 0.0410958 0.0409182 0.0419106 0.0409293 0.0410832 0.0410730 0.0421957 0.0409219 0.0410025 0.0408539 0.0408162 0.0408577 0.0411682 0.0410506 0.0408192 0.0409537 0.0409363 0.0412556 0.0409713 0.0408475 0.0409336 0.0409805 0.0409294 0.0413096 0.0408906 0.0408906 0.0412185 0.0409440 0.0409839 0.2126617 0.2128391 0.2123455 0.2130408 0.2122675 0.2145537 0.0908261 0.0409904 0.0409744 0.0409589 0.0409691 0.0408839 0.0408839 0.0409436 0.0409064 0.0409302 0.0409823 0.1211520 0.0410200 0.0407907 0.0408810 0.0410175 0.0409848 0.0409774 0.0409408 0.0408618 0.0408433 0.0408796 0.0410121 0.0409928 0.0411642 0.0410018 0.0408917 0.0409281 0.0409331 0.0409382 0.0409041 0.0410021 0.0409941 0.0409662 0.0410947 0.0410333 0.1225021 0.0409271 0.0410143 0.0408573 0.0409330 0.0408959 0.0409727 0.0409573 0.0409185 0.0424285 0.0411662 0.0392576 0.0390774 0.0410735 0.0411603 0.0411915 0.0412804 0.0408775 0.0414839 0.0411972 0.0409592 0.0409627 0.0410541 0.0409237 0.0408435 0.0409210 0.0411204 0.0409698 0.0411458 0.0408918 0.0409693 0.0410911 0.0410144 0.0410632 0.0411304 0.0412041 0.0412101 0.0411363 0.0411633 0.0411398 0.0413531 0.0410963 0.0410929 0.0389377 0.0408683 0.0408458 0.0408810 0.0410863 0.0410708 0.0410398 0.0413618 0.0411837 0.0410394 0.0409826 0.0408834 0.0408834 0.0409224 0.0410255 0.0409512 
BetaCoV_Wuhan_HBCDC_HB_01_2019_EPI_ISL_402132            0.0000335 0.0001005 0.0001005 0.0001340 0.0000335 0.0000335 0.0001006 0.0001005 0.0000335 0.0001005 0.0409579 0.0000000 0.0000670 0.0000335 0.0000670 0.0002346 0.0001340 0.0001340 0.0000670 0.0000670 0.0000670 0.0000335 0.0000335 0.0001005 0.0000335 0.0000335 0.0001340 0.0002010 0.0001341 0.0001340 0.0002681 0.0001005 0.0001675 0.0000671 0.0001006 0.0001006 0.0000670 0.0000671 0.0000335 0.0009401 0.0001340 0.0001005 0.0003351 0.0001005 0.0001006 0.0000335 0.0000335 0.0001006 0.0018781 0.0000335 0.0001340 0.0001341 0.0001343 0.0000335 0.0000670 0.0001676 0.0002012 0.0000010 0.0001006 0.0001677 0.0001340 0.0000335 0.0001007 0.0001677 0.0002346 0.0001006 0.0000670 0.0000670 0.0001340 0.0001340 0.0001005 0.0001340 0.0000670 0.0002010 0.0001340 0.0000670 0.0002681 0.0009162 0.0002346 0.0005028 0.0000670 0.0008249 0.0000672 0.0001018 0.0001051 0.0007521 0.0001005 0.0001340 0.0002010 0.0001675 0.0002010 0.0002681 0.0001675 0.0000670 0.0001009 0.0000672 0.0001418 0.0001675 0.0000335 0.0002681 0.0001005 0.0000671 0.0001729 0.0000335 0.0000335 0.0001360 0.0001006 0.0000671 0.2090724 0.2092464 0.2087973 0.2092641 0.2085944 0.2098000 0.0885474 0.0001005 0.0001007 0.0001005 0.0001008 0.0001005 0.0001005 0.0002010 0.0001675 0.0001005 0.0001005 0.1197054 0.0001340 0.0001340 0.0001005 0.0001340 0.0001005 0.0001005 0.0000670 0.0000335 0.0001005 0.0000335 0.0003351 0.0001340 0.0002681 0.0002010 0.0001675 0.0000670 0.0002681 0.0000670 0.0000335 0.0002346 0.0001007 0.0001006 0.0001676 0.0002010 0.1210202 0.0000670 0.0002689 0.0001680 0.0002352 0.0000336 0.0002352 0.0000670 0.0000335 0.0010651 0.0003025 0.0001394 0.0001694 0.0001005 0.0001675 0.0002010 0.0001005 0.0002346 0.0003746 0.0003352 0.0001675 0.0001005 0.0002351 0.0001675 0.0001005 0.0002011 0.0002011 0.0002011 0.0003031 0.0001006 0.0001341 0.0002015 0.0002346 0.0001675 0.0002346 0.0003352 0.0003686 0.0002682 0.0003358 0.0003016 0.0003016 0.0002687 0.0002015 0.0003423 0.0002011 0.0002011 0.0002346 0.0001013 0.0003016 0.0003032 0.0003078 0.0002354 0.0002346 0.0002015 0.0001675 0.0001675 0.0002010 0.0002011 0.0002346 
IPBCAMS_WH_05_2020_EPI_ISL_403928                        0.0000335 0.0001004 0.0001004 0.0001339 0.0000335 0.0000335 0.0001006 0.0001005 0.0000335 0.0001005 0.0409297 0.0000670 0.0000000 0.0000335 0.0000669 0.0002343 0.0001340 0.0001340 0.0000670 0.0000670 0.0000670 0.0000335 0.0000335 0.0001005 0.0000335 0.0000335 0.0001339 0.0002008 0.0001341 0.0001674 0.0002678 0.0001004 0.0001673 0.0000671 0.0001005 0.0001005 0.0000670 0.0000671 0.0000335 0.0009392 0.0001339 0.0001004 0.0003347 0.0001005 0.0001006 0.0000335 0.0000335 0.0001005 0.0018257 0.0000335 0.0001339 0.0001339 0.0001343 0.0000335 0.0000670 0.0001676 0.0002011 0.0000337 0.0001005 0.0001677 0.0001339 0.0000335 0.0001007 0.0001676 0.0002344 0.0001340 0.0000670 0.0000670 0.0001339 0.0001339 0.0001004 0.0001340 0.0000670 0.0002008 0.0001339 0.0000669 0.0002679 0.0009496 0.0002344 0.0005692 0.0000670 0.0008242 0.0000671 0.0001018 0.0001051 0.0007521 0.0001004 0.0001339 0.0002008 0.0001674 0.0002008 0.0004687 0.0001674 0.0000669 0.0001009 0.0000672 0.0001418 0.0001673 0.0000335 0.0002678 0.0001004 0.0000671 0.0001728 0.0000335 0.0000335 0.0001360 0.0001005 0.0000671 0.2093234 0.2094975 0.2090481 0.2095152 0.2086107 0.2098180 0.0886205 0.0001005 0.0001007 0.0001004 0.0001008 0.0001004 0.0001004 0.0002009 0.0001674 0.0001005 0.0001004 0.1197133 0.0001339 0.0001339 0.0001004 0.0001339 0.0001004 0.0001004 0.0000670 0.0000335 0.0001004 0.0000335 0.0003347 0.0001339 0.0002678 0.0002008 0.0001673 0.0000669 0.0002678 0.0002678 0.0000335 0.0002681 0.0001007 0.0001005 0.0001676 0.0002010 0.1209574 0.0000669 0.0003022 0.0001679 0.0002351 0.0000672 0.0002686 0.0000670 0.0000335 0.0010997 0.0003025 0.0001394 0.0001694 0.0001673 0.0002343 0.0004352 0.0004017 0.0002345 0.0003746 0.0003351 0.0001673 0.0001004 0.0002351 0.0001675 0.0001005 0.0002011 0.0002011 0.0002011 0.0003031 0.0001006 0.0001340 0.0002015 0.0002344 0.0001675 0.0002343 0.0003350 0.0003683 0.0002681 0.0003358 0.0003014 0.0004686 0.0002687 0.0002015 0.0003423 0.0002010 0.0003682 0.0002343 0.0001012 0.0003350 0.0003030 0.0004442 0.0002354 0.0002343 0.0002015 0.0001673 0.0001673 0.0002008 0.0002010 0.0002345 
BetaCoV_Wuhan_IPBCAMS_WH_04_2019_EPI_ISL_403929          0.0000010 0.0000669 0.0000669 0.0001004 0.0000010 0.0000010 0.0000671 0.0000670 0.0000010 0.0000670 0.0408796 0.0000335 0.0000335 0.0000000 0.0000335 0.0002008 0.0001005 0.0001005 0.0000335 0.0000335 0.0000335 0.0000010 0.0000010 0.0000670 0.0000010 0.0000010 0.0001004 0.0001673 0.0001005 0.0001339 0.0002343 0.0000669 0.0001339 0.0000335 0.0000670 0.0000670 0.0000335 0.0000336 0.0000010 0.0009054 0.0001004 0.0000669 0.0003012 0.0000670 0.0000671 0.0000010 0.0000010 0.0000670 0.0018257 0.0000010 0.0001004 0.0001004 0.0001007 0.0000010 0.0000335 0.0001341 0.0001676 0.0000010 0.0000670 0.0001342 0.0001004 0.0000010 0.0000672 0.0001341 0.0002009 0.0001005 0.0000335 0.0000335 0.0001004 0.0001004 0.0000669 0.0001005 0.0000335 0.0001673 0.0001004 0.0000335 0.0002343 0.0009153 0.0002009 0.0005356 0.0000335 0.0008585 0.0000335 0.0000679 0.0000701 0.0007124 0.0000669 0.0001004 0.0001674 0.0001339 0.0001674 0.0004351 0.0001339 0.0000335 0.0000673 0.0000336 0.0001063 0.0001339 0.0000010 0.0002343 0.0000670 0.0000335 0.0001382 0.0000010 0.0000010 0.0001020 0.0000670 0.0000335 0.2092354 0.2094095 0.2089602 0.2094272 0.2085230 0.2097219 0.0885474 0.0000670 0.0000672 0.0000669 0.0000672 0.0000669 0.0000669 0.0001674 0.0001339 0.0000670 0.0000670 0.1196521 0.0001004 0.0001004 0.0000669 0.0001004 0.0000670 0.0000669 0.0000335 0.0000010 0.0001004 0.0000010 0.0003012 0.0001004 0.0002343 0.0001673 0.0001339 0.0000335 0.0002343 0.0002344 0.0000010 0.0002345 0.0000671 0.0000670 0.0001341 0.0001675 0.1209574 0.0000335 0.0002686 0.0001343 0.0002014 0.0000336 0.0002350 0.0000335 0.0000010 0.0010652 0.0002689 0.0001046 0.0001356 0.0002342 0.0003681 0.0005690 0.0005021 0.0002010 0.0003405 0.0003016 0.0001338 0.0000669 0.0002015 0.0001340 0.0000670 0.0001676 0.0001676 0.0001676 0.0002694 0.0000670 0.0001004 0.0001679 0.0002009 0.0001340 0.0002009 0.0003015 0.0003348 0.0002346 0.0003022 0.0002679 0.0004351 0.0002351 0.0001679 0.0003080 0.0001675 0.0003346 0.0002008 0.0000675 0.0003015 0.0002692 0.0004099 0.0002017 0.0002008 0.0001679 0.0001338 0.0001338 0.0001673 0.0001675 0.0002010 
BetaCoV_Wuhan_IPBCAMS_WH_03_2019_EPI_ISL_403930          0.0000335 0.0001004 0.0001004 0.0001338 0.0000335 0.0000334 0.0001006 0.0001005 0.0000335 0.0001005 0.0409168 0.0000670 0.0000669 0.0000335 0.0000000 0.0002342 0.0001340 0.0001340 0.0000670 0.0000670 0.0000670 0.0000335 0.0000335 0.0001005 0.0000335 0.0000335 0.0001339 0.0002008 0.0001341 0.0001674 0.0002678 0.0001004 0.0001673 0.0000671 0.0001005 0.0001005 0.0000670 0.0000671 0.0000335 0.0009389 0.0001338 0.0001004 0.0003346 0.0001005 0.0001006 0.0000335 0.0000335 0.0001005 0.0018779 0.0000335 0.0001339 0.0001338 0.0001343 0.0000335 0.0000670 0.0001676 0.0002011 0.0000337 0.0001005 0.0001677 0.0001339 0.0000335 0.0001007 0.0001676 0.0002344 0.0001340 0.0000670 0.0000670 0.0001339 0.0001339 0.0001004 0.0001340 0.0000670 0.0002008 0.0001339 0.0000669 0.0002678 0.0009493 0.0002343 0.0005691 0.0000669 0.0008928 0.0000671 0.0001018 0.0001051 0.0007520 0.0001004 0.0001338 0.0002008 0.0001674 0.0002008 0.0004685 0.0001674 0.0000669 0.0001009 0.0000672 0.0001418 0.0001673 0.0000335 0.0002678 0.0001004 0.0000671 0.0001728 0.0000335 0.0000335 0.0001360 0.0001005 0.0000671 0.2092895 0.2094635 0.2090142 0.2094812 0.2085770 0.2097809 0.0886055 0.0001005 0.0001007 0.0001004 0.0001008 0.0001004 0.0001004 0.0002009 0.0001674 0.0001005 0.0001004 0.1196974 0.0001339 0.0001339 0.0001004 0.0001339 0.0001004 0.0001004 0.0000670 0.0000335 0.0001338 0.0000335 0.0003345 0.0001338 0.0002677 0.0002008 0.0001673 0.0000669 0.0002678 0.0002678 0.0000335 0.0002681 0.0001007 0.0001005 0.0001676 0.0002010 0.1209574 0.0000669 0.0003022 0.0001679 0.0002350 0.0000671 0.0002686 0.0000670 0.0000335 0.0010996 0.0003025 0.0001394 0.0001694 0.0002677 0.0005688 0.0008379 0.0006694 0.0002345 0.0003746 0.0003351 0.0001673 0.0001003 0.0002351 0.0001675 0.0001005 0.0002011 0.0002011 0.0002011 0.0003031 0.0001005 0.0001339 0.0002015 0.0002343 0.0001675 0.0002343 0.0003350 0.0003683 0.0002681 0.0003358 0.0003014 0.0004684 0.0002687 0.0002015 0.0003423 0.0002010 0.0003680 0.0002342 0.0001012 0.0003350 0.0003028 0.0004440 0.0002354 0.0002343 0.0002015 0.0001672 0.0001672 0.0002007 0.0002010 0.0002345 
BetaCoV_Wuhan_IPBCAMS_WH_02_2019_EPI_ISL_403931          0.0002008 0.0002677 0.0002677 0.0003012 0.0002008 0.0002008 0.0002683 0.0002680 0.0002010 0.0002680 0.0411181 0.0002346 0.0002343 0.0002008 0.0002342 0.0000000 0.0003016 0.0003016 0.0002346 0.0002346 0.0002346 0.0002010 0.0002010 0.0002682 0.0002010 0.0002009 0.0003012 0.0003681 0.0003017 0.0003348 0.0004352 0.0002678 0.0003347 0.0002349 0.0002682 0.0002682 0.0002346 0.0002349 0.0002011 0.0011072 0.0003012 0.0002677 0.0005020 0.0002680 0.0002684 0.0002008 0.0002008 0.0002679 0.0021404 0.0002009 0.0003013 0.0003013 0.0003023 0.0002011 0.0002346 0.0003352 0.0003687 0.0002022 0.0002681 0.0003354 0.0003012 0.0002011 0.0002687 0.0003353 0.0004019 0.0003015 0.0002346 0.0002346 0.0003012 0.0003012 0.0002678 0.0003014 0.0002345 0.0003681 0.0003012 0.0002343 0.0004352 0.0011194 0.0004018 0.0007366 0.0002344 0.0008585 0.0002348 0.0000679 0.0000701 0.0007124 0.0002677 0.0003012 0.0003683 0.0003348 0.0003683 0.0006360 0.0003348 0.0002343 0.0002690 0.0002351 0.0002127 0.0003347 0.0002010 0.0004352 0.0002679 0.0002348 0.0003111 0.0002008 0.0002008 0.0001020 0.0002681 0.0002347 0.2095538 0.2097280 0.2092782 0.2097457 0.2088405 0.2100696 0.0889441 0.0002679 0.0002686 0.0002677 0.0002689 0.0002677 0.0002677 0.0003684 0.0003349 0.0002681 0.0002678 0.1197029 0.0003014 0.0003014 0.0002677 0.0003013 0.0002679 0.0002678 0.0002344 0.0002010 0.0003012 0.0002008 0.0005020 0.0003012 0.0004351 0.0003681 0.0003347 0.0002343 0.0004352 0.0004353 0.0002009 0.0004356 0.0002686 0.0002681 0.0003352 0.0003686 0.1210171 0.0002343 0.0004701 0.0003358 0.0004029 0.0002350 0.0004365 0.0002346 0.0002010 0.0010652 0.0004706 0.0001046 0.0003389 0.0004351 0.0005355 0.0007364 0.0006696 0.0004021 0.0005449 0.0005027 0.0003347 0.0002677 0.0004030 0.0003351 0.0002681 0.0003687 0.0003687 0.0003687 0.0002694 0.0002681 0.0003014 0.0003694 0.0004019 0.0003350 0.0004018 0.0005026 0.0005358 0.0004357 0.0005037 0.0004689 0.0006360 0.0004366 0.0003694 0.0005134 0.0003685 0.0005355 0.0004016 0.0000675 0.0005025 0.0002692 0.0004100 0.0004035 0.0004017 0.0003695 0.0003346 0.0003346 0.0003681 0.0003686 0.0004021 
BetaCoV_Guangdong_20SF012_2020_EPI_ISL_403932            0.0001005 0.0001676 0.0001676 0.0002011 0.0001005 0.0001005 0.0001677 0.0001676 0.0001005 0.0001676 0.0408114 0.0001340 0.0001340 0.0001005 0.0001340 0.0003016 0.0000000 0.0000010 0.0001340 0.0001340 0.0001340 0.0001005 0.0001005 0.0001676 0.0001006 0.0000335 0.0000670 0.0000670 0.0000010 0.0002011 0.0002011 0.0001676 0.0000335 0.0001342 0.0001676 0.0001676 0.0001341 0.0001342 0.0001006 0.0008730 0.0000010 0.0001676 0.0004022 0.0001676 0.0001678 0.0001005 0.0001005 0.0001676 0.0019826 0.0001006 0.0000670 0.0002011 0.0002015 0.0001006 0.0001341 0.0001006 0.0001341 0.0001011 0.0001677 0.0001006 0.0000670 0.0001006 0.0000336 0.0001006 0.0001676 0.0000335 0.0001341 0.0001341 0.0002011 0.0002011 0.0001676 0.0002011 0.0001340 0.0001340 0.0000670 0.0001340 0.0003352 0.0008483 0.0001676 0.0004358 0.0001341 0.0007217 0.0001343 0.0000339 0.0001402 0.0007917 0.0001676 0.0002011 0.0000670 0.0000335 0.0000670 0.0001676 0.0002346 0.0001341 0.0001681 0.0001343 0.0002127 0.0002346 0.0001006 0.0002011 0.0001676 0.0001342 0.0002421 0.0001005 0.0001005 0.0000680 0.0001676 0.0001341 0.2088480 0.2090221 0.2085732 0.2090397 0.2083704 0.2096177 0.0883777 0.0001676 0.0001679 0.0001676 0.0001680 0.0001676 0.0001676 0.0001340 0.0001005 0.0001676 0.0001676 0.1195148 0.0002011 0.0000670 0.0001676 0.0002011 0.0001676 0.0001676 0.0001340 0.0001006 0.0000335 0.0001005 0.0004022 0.0002011 0.0003351 0.0002681 0.0001005 0.0001340 0.0001340 0.0001340 0.0001005 0.0001676 0.0001678 0.0001676 0.0002347 0.0002681 0.1207959 0.0001340 0.0002017 0.0001008 0.0001680 0.0001008 0.0001680 0.0001340 0.0001005 0.0011686 0.0003698 0.0001743 0.0002372 0.0001676 0.0002346 0.0002681 0.0001676 0.0001676 0.0004427 0.0004023 0.0002346 0.0001676 0.0003023 0.0001005 0.0000335 0.0001341 0.0002682 0.0001341 0.0002358 0.0001678 0.0002011 0.0002687 0.0002347 0.0002346 0.0003016 0.0004023 0.0004357 0.0003353 0.0004030 0.0003687 0.0003687 0.0003358 0.0002687 0.0004107 0.0001340 0.0001340 0.0001676 0.0001688 0.0002346 0.0002358 0.0002394 0.0003026 0.0003016 0.0002687 0.0001005 0.0001005 0.0001340 0.0002681 0.0001676 
BetaCoV_Guangdong_20SF013_2020_EPI_ISL_403933            0.0001005 0.0001676 0.0001676 0.0002011 0.0001005 0.0001005 0.0001677 0.0001676 0.0001005 0.0001676 0.0408114 0.0001340 0.0001340 0.0001005 0.0001340 0.0003016 0.0000010 0.0000000 0.0001340 0.0001340 0.0001340 0.0001005 0.0001005 0.0001676 0.0001006 0.0000335 0.0000670 0.0000670 0.0000010 0.0002011 0.0002011 0.0001676 0.0000335 0.0001342 0.0001676 0.0001676 0.0001341 0.0001342 0.0001006 0.0008730 0.0000010 0.0001676 0.0004022 0.0001676 0.0001678 0.0001005 0.0001005 0.0001676 0.0019826 0.0001006 0.0000670 0.0002011 0.0002015 0.0001006 0.0001341 0.0001006 0.0001341 0.0001011 0.0001677 0.0001006 0.0000670 0.0001006 0.0000336 0.0001006 0.0001676 0.0000335 0.0001341 0.0001341 0.0002011 0.0002011 0.0001676 0.0002011 0.0001340 0.0001340 0.0000670 0.0001340 0.0003352 0.0008483 0.0001676 0.0004358 0.0001341 0.0007217 0.0001343 0.0000339 0.0001402 0.0007917 0.0001676 0.0002011 0.0000670 0.0000335 0.0000670 0.0001676 0.0002346 0.0001341 0.0001681 0.0001343 0.0002127 0.0002346 0.0001006 0.0002011 0.0001676 0.0001342 0.0002421 0.0001005 0.0001005 0.0000680 0.0001676 0.0001341 0.2088480 0.2090221 0.2085732 0.2090397 0.2083704 0.2096177 0.0883777 0.0001676 0.0001679 0.0001676 0.0001680 0.0001676 0.0001676 0.0001340 0.0001005 0.0001676 0.0001676 0.1195148 0.0002011 0.0000670 0.0001676 0.0002011 0.0001676 0.0001676 0.0001340 0.0001006 0.0000335 0.0001005 0.0004022 0.0002011 0.0003351 0.0002681 0.0001005 0.0001340 0.0001340 0.0001340 0.0001005 0.0001676 0.0001678 0.0001676 0.0002347 0.0002681 0.1207959 0.0001340 0.0002017 0.0001008 0.0001680 0.0001008 0.0001680 0.0001340 0.0001005 0.0011686 0.0003698 0.0001743 0.0002372 0.0001676 0.0002346 0.0002681 0.0001676 0.0001676 0.0004427 0.0004023 0.0002346 0.0001676 0.0003023 0.0001005 0.0000335 0.0001341 0.0002682 0.0001341 0.0002358 0.0001678 0.0002011 0.0002687 0.0002347 0.0002346 0.0003016 0.0004023 0.0004357 0.0003353 0.0004030 0.0003687 0.0003687 0.0003358 0.0002687 0.0004107 0.0001340 0.0001340 0.0001676 0.0001688 0.0002346 0.0002358 0.0002394 0.0003026 0.0003016 0.0002687 0.0001005 0.0001005 0.0001340 0.0002681 0.0001676 
