184
BetaCoV_Shenzhen_SZTH_003_2020_EPI_ISL_406594            0.0000000 0.0000669 0.0000669 0.0001007 0.0002677 0.2099493 0.0002008 0.2096775 0.0002014 0.0000670 0.0002009 0.0001006 0.0000670 0.0000669 0.0001673 0.0001341 0.0002346 0.0001340 0.0003368 0.0001674 0.0001676 0.0002010 0.0001673 0.0001339 0.0003016 0.0003686 0.0000670 0.0001673 0.0002008 0.0002008 0.0001006 0.0000670 0.0001673 0.1211094 0.0001673 0.1197875 0.0003346 0.0000669 0.0001005 0.0001673 0.0011340 0.0002678 0.0001005 0.0001673 0.0001700 0.0002343 0.0002342 0.0001344 0.0001341 0.0001675 0.0001401 0.0000670 0.0001676 0.0001004 0.0003012 0.0001004 0.0001004 0.0001339 0.0001338 0.0003680 0.0001673 0.0003012 0.0006026 0.0003012 0.0002011 0.0001338 0.0001005 0.0001004 0.0002342 0.0000669 0.0003680 0.2087320 0.0001004 0.2095026 0.0002686 0.0003681 0.0001005 0.0001340 0.0001004 0.0001357 0.0000670 0.0001674 0.0001772 0.0000669 0.0001004 0.0002011 0.0003358 0.0002346 0.0001343 0.0001341 0.0001005 0.0019303 0.0001343 0.0002008 0.0004352 0.0009832 0.0002679 0.0002033 0.0001338 0.0000669 0.0000670 0.0001340 0.0003681 0.0001339 0.0000669 0.0001345 0.0001339 0.0008929 0.0001340 0.0001339 0.0002344 0.0001340 0.0001340 0.0002008 0.0002012 0.0007124 0.0001676 0.0001005 0.2092280 0.0002074 0.0001004 0.0001005 0.0001342 0.0000670 0.0003022 0.0002687 0.0001005 0.0002679 0.0001007 0.0001005 0.0001679 0.0886295 0.0006025 0.0002346 0.0001673 0.0001339 0.0000670 0.0001338 0.0004086 0.2096949 0.0000670 0.0001674 0.0001340 0.0001338 0.0000335 0.0001004 0.0001007 0.0001339 0.0000670 0.0001338 0.0000669 0.0002011 0.0001340 0.0003361 0.0001339 0.0006694 0.0001005 0.0009725 0.0002346 0.0001674 0.0001343 0.0002346 0.0001338 0.0002681 0.0003012 0.0003013 0.0001004 0.0000670 0.0002351 0.0000674 0.0002008 0.0001743 0.0000670 0.0001007 0.0002342 0.0001339 0.0002011 0.0001004 0.0001674 0.0001338 0.0409597 0.0002343 0.0001006 0.0000670 
BetaCoV_Chongqing_ZX01_2020_EPI_ISL_408479               0.0000669 0.0000000 0.0000010 0.0000336 0.0002008 0.2098243 0.0001339 0.2095062 0.0001343 0.0000010 0.0001339 0.0000335 0.0000010 0.0000010 0.0001004 0.0000671 0.0001676 0.0000670 0.0002694 0.0001004 0.0001005 0.0001340 0.0001004 0.0000670 0.0002345 0.0003016 0.0000010 0.0001004 0.0001339 0.0001339 0.0000335 0.0000670 0.0001004 0.1209991 0.0001004 0.1196937 0.0002342 0.0000010 0.0000335 0.0001004 0.0010652 0.0002009 0.0000335 0.0001004 0.0001020 0.0001674 0.0001673 0.0000672 0.0000670 0.0001005 0.0000701 0.0000010 0.0001005 0.0000335 0.0002343 0.0000335 0.0001004 0.0000670 0.0000669 0.0002008 0.0001004 0.0002343 0.0005356 0.0002343 0.0001341 0.0000669 0.0000335 0.0000335 0.0001673 0.0000010 0.0003012 0.2086177 0.0000335 0.2093314 0.0002014 0.0003012 0.0000335 0.0000670 0.0000335 0.0000679 0.0000010 0.0001004 0.0001063 0.0000010 0.0000335 0.0001341 0.0002686 0.0001676 0.0000672 0.0000670 0.0000335 0.0018257 0.0000671 0.0001338 0.0002344 0.0009153 0.0002009 0.0001356 0.0000669 0.0000010 0.0000010 0.0000670 0.0003012 0.0000670 0.0000010 0.0000673 0.0000670 0.0008241 0.0000670 0.0000669 0.0001674 0.0000670 0.0000670 0.0001339 0.0001342 0.0007124 0.0001005 0.0000335 0.2090570 0.0001382 0.0001004 0.0000335 0.0000671 0.0000010 0.0002350 0.0002015 0.0000335 0.0002009 0.0000335 0.0000335 0.0001007 0.0885696 0.0005356 0.0001676 0.0001004 0.0000669 0.0000010 0.0000669 0.0003405 0.2095236 0.0000670 0.0001005 0.0000670 0.0000669 0.0000010 0.0001004 0.0000336 0.0000669 0.0000010 0.0000669 0.0000010 0.0001341 0.0000670 0.0002689 0.0000670 0.0006024 0.0000335 0.0009054 0.0001676 0.0001004 0.0000672 0.0001675 0.0000669 0.0002010 0.0002343 0.0002343 0.0000335 0.0000010 0.0001679 0.0000010 0.0001339 0.0001046 0.0000010 0.0000336 0.0001673 0.0001339 0.0001340 0.0000335 0.0001004 0.0000669 0.0408842 0.0001674 0.0000335 0.0000010 
BetaCoV_China_WHU02_2020_EPI_ISL_406717                  0.0000669 0.0000010 0.0000000 0.0000336 0.0002008 0.2098243 0.0001339 0.2094305 0.0001343 0.0000010 0.0001339 0.0000336 0.0000010 0.0000010 0.0000669 0.0000671 0.0001676 0.0000670 0.0002694 0.0001004 0.0001005 0.0001340 0.0001004 0.0000670 0.0002345 0.0003016 0.0000010 0.0001004 0.0001339 0.0001339 0.0000335 0.0000670 0.0001004 0.1209991 0.0001004 0.1196937 0.0001004 0.0000010 0.0000335 0.0001004 0.0010652 0.0002009 0.0000335 0.0001004 0.0001020 0.0001674 0.0001673 0.0000672 0.0000670 0.0001005 0.0000701 0.0000010 0.0001005 0.0000335 0.0002343 0.0000335 0.0001005 0.0000670 0.0000669 0.0002008 0.0001004 0.0002343 0.0005358 0.0002343 0.0001341 0.0000669 0.0000335 0.0000335 0.0001673 0.0000010 0.0003013 0.2086177 0.0000335 0.2092557 0.0002015 0.0003013 0.0000335 0.0000670 0.0000335 0.0000679 0.0000010 0.0001004 0.0001063 0.0000010 0.0000335 0.0001341 0.0002686 0.0001676 0.0000672 0.0000670 0.0000335 0.0018257 0.0000671 0.0001339 0.0002009 0.0009155 0.0002010 0.0001356 0.0000669 0.0000010 0.0000010 0.0000670 0.0003013 0.0000670 0.0000010 0.0000673 0.0000670 0.0007898 0.0000670 0.0000669 0.0001674 0.0000670 0.0000670 0.0001339 0.0001342 0.0007124 0.0001005 0.0000335 0.2089814 0.0001382 0.0001004 0.0000335 0.0000671 0.0000010 0.0002351 0.0002015 0.0000335 0.0002009 0.0000335 0.0000335 0.0001007 0.0885696 0.0003348 0.0001676 0.0001004 0.0000669 0.0000010 0.0000669 0.0003405 0.2094479 0.0000670 0.0001005 0.0000670 0.0000669 0.0000010 0.0001004 0.0000336 0.0000669 0.0000010 0.0000669 0.0000010 0.0001341 0.0000670 0.0002689 0.0000670 0.0003682 0.0000335 0.0009056 0.0001676 0.0001005 0.0000672 0.0001675 0.0000669 0.0002010 0.0002343 0.0002344 0.0000335 0.0000010 0.0001679 0.0000010 0.0001339 0.0001046 0.0000010 0.0000336 0.0001673 0.0001339 0.0001340 0.0000335 0.0001004 0.0000669 0.0408940 0.0001674 0.0000335 0.0000010 
BetaCoV_Foshan_20SF211_2020_EPI_ISL_406536               0.0001007 0.0000336 0.0000336 0.0000000 0.0002349 0.2102269 0.0001678 0.2092913 0.0001682 0.0000336 0.0001678 0.0000672 0.0000336 0.0000336 0.0001007 0.0001007 0.0002013 0.0000671 0.0003034 0.0001342 0.0001342 0.0001678 0.0001342 0.0001007 0.0002349 0.0003021 0.0000336 0.0001342 0.0001342 0.0001678 0.0000671 0.0001008 0.0001343 0.1209459 0.0001342 0.1196935 0.0001007 0.0000336 0.0000671 0.0001342 0.0011009 0.0002349 0.0000671 0.0001342 0.0001360 0.0002013 0.0002013 0.0001008 0.0001007 0.0001007 0.0001052 0.0000336 0.0001343 0.0000671 0.0002685 0.0000671 0.0001343 0.0001007 0.0000671 0.0001007 0.0001342 0.0002685 0.0005036 0.0002685 0.0001678 0.0001007 0.0000671 0.0000671 0.0002013 0.0000336 0.0003356 0.2090497 0.0000671 0.2091163 0.0002355 0.0002349 0.0000671 0.0000336 0.0000671 0.0001018 0.0000336 0.0001342 0.0001418 0.0000336 0.0000010 0.0001679 0.0002692 0.0002013 0.0001008 0.0001007 0.0000671 0.0018780 0.0001007 0.0001678 0.0000671 0.0009172 0.0002349 0.0001695 0.0001007 0.0000336 0.0000336 0.0001007 0.0003356 0.0001007 0.0000336 0.0001009 0.0001007 0.0008262 0.0001007 0.0001007 0.0002013 0.0001007 0.0001007 0.0001678 0.0001678 0.0007525 0.0001342 0.0000010 0.2088418 0.0001731 0.0001342 0.0000671 0.0001007 0.0000336 0.0002355 0.0002352 0.0000671 0.0002349 0.0000671 0.0000671 0.0001344 0.0886641 0.0001007 0.0002013 0.0001342 0.0001007 0.0000336 0.0001007 0.0003746 0.2093087 0.0001007 0.0001342 0.0001007 0.0000336 0.0000336 0.0001342 0.0000336 0.0001007 0.0000336 0.0001007 0.0000336 0.0001678 0.0001007 0.0003025 0.0001007 0.0000671 0.0000671 0.0009416 0.0002014 0.0001007 0.0001008 0.0002013 0.0001007 0.0002349 0.0002685 0.0002685 0.0000671 0.0000336 0.0002016 0.0000337 0.0001678 0.0001395 0.0000336 0.0000672 0.0002013 0.0001678 0.0001678 0.0000671 0.0001342 0.0001007 0.0409099 0.0002013 0.0000671 0.0000336 
BetaCoV_Wuhan_IPBCAMS_WH_02_2019_EPI_ISL_403931          0.0002677 0.0002008 0.0002008 0.0002349 0.0000000 0.2101717 0.0003348 0.2098245 0.0003358 0.0002010 0.0003349 0.0002348 0.0002010 0.0002008 0.0003012 0.0002683 0.0003687 0.0002681 0.0002694 0.0003014 0.0003016 0.0003350 0.0003012 0.0002679 0.0004356 0.0005027 0.0002010 0.0003012 0.0003348 0.0003347 0.0002348 0.0002681 0.0003013 0.1210588 0.0003012 0.1197444 0.0004351 0.0002008 0.0002346 0.0003012 0.0010652 0.0004018 0.0002346 0.0003012 0.0001020 0.0003683 0.0003681 0.0002689 0.0002682 0.0003015 0.0000701 0.0002011 0.0003017 0.0002343 0.0004352 0.0002343 0.0003014 0.0002678 0.0002677 0.0004016 0.0003012 0.0004352 0.0007366 0.0004351 0.0003352 0.0002677 0.0002346 0.0002344 0.0003681 0.0002008 0.0005020 0.2089349 0.0002342 0.2096496 0.0004029 0.0005021 0.0002346 0.0002681 0.0002343 0.0000679 0.0002010 0.0003014 0.0002127 0.0002008 0.0002343 0.0003353 0.0004701 0.0003687 0.0002686 0.0002682 0.0002346 0.0021404 0.0002686 0.0003347 0.0004353 0.0011194 0.0004019 0.0003389 0.0002677 0.0002008 0.0002011 0.0002680 0.0005020 0.0002679 0.0002008 0.0002690 0.0002679 0.0008241 0.0002681 0.0002678 0.0003684 0.0002680 0.0002681 0.0003348 0.0003354 0.0007124 0.0003016 0.0002346 0.2093747 0.0003111 0.0003012 0.0002345 0.0002684 0.0002010 0.0004365 0.0004030 0.0002346 0.0004019 0.0002349 0.0002346 0.0003023 0.0889662 0.0006696 0.0003687 0.0003012 0.0002678 0.0002009 0.0002677 0.0005449 0.2098419 0.0002682 0.0003014 0.0002680 0.0002677 0.0002009 0.0003012 0.0002350 0.0002678 0.0002010 0.0002677 0.0002008 0.0003352 0.0002681 0.0004706 0.0002679 0.0007364 0.0002346 0.0011072 0.0003687 0.0003013 0.0002687 0.0003686 0.0002677 0.0004021 0.0004352 0.0004352 0.0002343 0.0002009 0.0003694 0.0002022 0.0003347 0.0001046 0.0002010 0.0002351 0.0003681 0.0003347 0.0003351 0.0002344 0.0003013 0.0002677 0.0411227 0.0003683 0.0002347 0.0002011 
BetaCoV_pangolin_Guangxi_P3B_2017_EPI_ISL_410543         0.2099493 0.2098243 0.2098243 0.2102269 0.2101717 0.0000000 0.2101500 0.0023933 0.2104539 0.2098243 0.2099093 0.2103052 0.2098243 0.2098243 0.2097653 0.2099426 0.2100452 0.2097997 0.2111511 0.2097063 0.2097200 0.2100948 0.2100458 0.2098773 0.2100351 0.2103902 0.2098243 0.2096688 0.2100890 0.2099093 0.2101051 0.2100540 0.2100884 0.2169875 0.2100911 0.2174632 0.2099493 0.2098243 0.2099717 0.2097063 0.2137306 0.2099439 0.2100539 0.2100118 0.2127600 0.2097098 0.2096438 0.2105393 0.2098370 0.2097653 0.2127675 0.2097614 0.2096671 0.2097278 0.2098510 0.2098960 0.2100309 0.2100172 0.2099207 0.2101178 0.2097063 0.2099358 0.2103589 0.2102839 0.2099150 0.2098617 0.2099024 0.2098243 0.2097098 0.2098243 0.2101519 0.0023182 0.2098833 0.0022080 0.2105167 0.2098510 0.2098960 0.2100066 0.2099207 0.2126379 0.2098243 0.2098528 0.2135767 0.2098243 0.2098582 0.2098325 0.2106192 0.2100288 0.2101643 0.2099493 0.2097755 0.2122449 0.2102975 0.2100210 0.2098243 0.2114088 0.2102319 0.2089667 0.2098617 0.2098243 0.2100518 0.2098960 0.2102281 0.2099585 0.2098243 0.2106515 0.2100172 0.2142321 0.2097653 0.2099833 0.2099683 0.2099794 0.2099907 0.2096473 0.2099568 0.2214740 0.2097200 0.2098868 0.0020968 0.2116088 0.2100305 0.2098868 0.2103375 0.2098243 0.2102009 0.2102536 0.2098566 0.2100442 0.2101724 0.2099005 0.2103369 0.1833316 0.2096688 0.2098243 0.2097063 0.2100172 0.2098243 0.2099493 0.2112833 0.0023567 0.2099493 0.2098528 0.2100172 0.2099588 0.2096783 0.2100305 0.2103570 0.2099493 0.2098243 0.2098242 0.2098243 0.2099837 0.2100264 0.2109752 0.2098344 0.2097278 0.2099005 0.2115580 0.2098994 0.2097653 0.2101432 0.2099474 0.2097874 0.2099030 0.2098426 0.2098525 0.2098868 0.2098243 0.2102649 0.2094276 0.2096098 0.2116739 0.2098243 0.2102991 0.2102144 0.2099157 0.2098027 0.2098243 0.2098528 0.2098617 0.2146633 0.2097437 0.2100539 0.2098243 
BetaCoV_Japan_KY_V_029_2020_EPI_ISL_408669               0.0002008 0.0001339 0.0001339 0.0001678 0.0003348 0.2101500 0.0000000 0.2097477 0.0002687 0.0001340 0.0002679 0.0001678 0.0001340 0.0001339 0.0002008 0.0002012 0.0003017 0.0002011 0.0004042 0.0002344 0.0002346 0.0002680 0.0002343 0.0002010 0.0003686 0.0004357 0.0001340 0.0002343 0.0002678 0.0002678 0.0001677 0.0002012 0.0002344 0.1212586 0.0002343 0.1199140 0.0001004 0.0001339 0.0001676 0.0002343 0.0012031 0.0003349 0.0001676 0.0002343 0.0002381 0.0003013 0.0003013 0.0002017 0.0002011 0.0002345 0.0001752 0.0001341 0.0002346 0.0001674 0.0003683 0.0001674 0.0002345 0.0002009 0.0002008 0.0002678 0.0002343 0.0003683 0.0006363 0.0003683 0.0002682 0.0002008 0.0001675 0.0001674 0.0003013 0.0001339 0.0004352 0.2089152 0.0001674 0.2095728 0.0003358 0.0004353 0.0001675 0.0002011 0.0001674 0.0002036 0.0001340 0.0002344 0.0002481 0.0001339 0.0001674 0.0002682 0.0004030 0.0003017 0.0002015 0.0000670 0.0001676 0.0019306 0.0002014 0.0002678 0.0003349 0.0010516 0.0003350 0.0002711 0.0002008 0.0001339 0.0001341 0.0002010 0.0004352 0.0002009 0.0001339 0.0002018 0.0002009 0.0009276 0.0002010 0.0002008 0.0003014 0.0002010 0.0002011 0.0002678 0.0002683 0.0008711 0.0002346 0.0001676 0.2092980 0.0002765 0.0002343 0.0001675 0.0002013 0.0001340 0.0003694 0.0003358 0.0001676 0.0003349 0.0001678 0.0001676 0.0002351 0.0888397 0.0004353 0.0003016 0.0002343 0.0002009 0.0001340 0.0002008 0.0004768 0.2097651 0.0002011 0.0002345 0.0002010 0.0002008 0.0001339 0.0002343 0.0001679 0.0002008 0.0001340 0.0002008 0.0001339 0.0002682 0.0002010 0.0004034 0.0002009 0.0004687 0.0001676 0.0010403 0.0003016 0.0002344 0.0002015 0.0003016 0.0002008 0.0003351 0.0003683 0.0003684 0.0001674 0.0001339 0.0003023 0.0001011 0.0002678 0.0002440 0.0001340 0.0001679 0.0003013 0.0002678 0.0002681 0.0001674 0.0002344 0.0002008 0.0410552 0.0003013 0.0001676 0.0001341 
BetaCoV_pangolin_Guangxi_P1E_2017_EPI_ISL_410539         0.2096775 0.2095062 0.2094305 0.2092913 0.2098245 0.0023933 0.2097477 0.0000000 0.2094999 0.2092716 0.2094168 0.2093336 0.2092716 0.2095062 0.2093949 0.2090029 0.2095411 0.2088921 0.2101358 0.2093408 0.2091189 0.2094571 0.2097092 0.2089908 0.2093403 0.2093786 0.2094133 0.2092056 0.2096918 0.2095268 0.2093637 0.2091044 0.2097481 0.2155441 0.2097506 0.2160564 0.2095400 0.2094493 0.2096412 0.2093408 0.2133926 0.2091596 0.2096406 0.2096781 0.2114700 0.2092871 0.2092798 0.2095558 0.2088920 0.2088311 0.2122357 0.2088372 0.2086935 0.2092342 0.2096563 0.2095720 0.2093427 0.2096830 0.2095810 0.2100090 0.2093408 0.2096625 0.2101885 0.2099814 0.2094791 0.2095405 0.2093431 0.2095189 0.2093440 0.2094305 0.2098717 0.0012785 0.2095603 0.0011096 0.2096148 0.2095938 0.2093373 0.2094104 0.2095946 0.2109809 0.2092716 0.2095324 0.2115000 0.2094305 0.2095373 0.2088448 0.2097086 0.2091259 0.2092046 0.2090383 0.2092270 0.2108476 0.2093268 0.2096325 0.2095753 0.2104422 0.2092210 0.2073549 0.2095405 0.2094493 0.2096574 0.2093412 0.2098762 0.2096292 0.2095062 0.2094446 0.2096830 0.2134744 0.2091603 0.2096519 0.2094709 0.2092894 0.2095922 0.2092298 0.2089584 0.2204061 0.2091189 0.2089810 0.0006714 0.2107082 0.2096952 0.2093289 0.2093488 0.2089515 0.2093346 0.2092863 0.2094694 0.2095495 0.2092417 0.2093415 0.2093083 0.1841416 0.2093341 0.2090146 0.2093408 0.2096830 0.2088929 0.2096208 0.2102411 0.0011772 0.2090383 0.2094567 0.2094483 0.2096295 0.2093944 0.2096952 0.2094688 0.2096208 0.2088948 0.2095062 0.2095062 0.2094847 0.2095632 0.2099005 0.2094845 0.2093439 0.2093415 0.2110856 0.2089893 0.2088713 0.2091277 0.2093845 0.2094725 0.2089077 0.2094658 0.2092353 0.2095635 0.2095062 0.2092966 0.2087545 0.2092525 0.2109233 0.2090718 0.2093277 0.2098636 0.2097013 0.2090703 0.2090621 0.2095324 0.2094742 0.2129422 0.2093181 0.2091302 0.2089238 
BetaCoV_Korea_KCDC06_2020_EPI_ISL_412870                 0.0002014 0.0001343 0.0001343 0.0001682 0.0003358 0.2104539 0.0002687 0.2094999 0.0000000 0.0001344 0.0001344 0.0001345 0.0001344 0.0001343 0.0000671 0.0002016 0.0001681 0.0002016 0.0002694 0.0001008 0.0001008 0.0002688 0.0002350 0.0002014 0.0002352 0.0004033 0.0001344 0.0001007 0.0002687 0.0001343 0.0001682 0.0002014 0.0002351 0.1210162 0.0002014 0.1197081 0.0003022 0.0001343 0.0001681 0.0001007 0.0012029 0.0002014 0.0001681 0.0002350 0.0001020 0.0001679 0.0001679 0.0002021 0.0001680 0.0001007 0.0001752 0.0001344 0.0001008 0.0001679 0.0002351 0.0001679 0.0002351 0.0002015 0.0001343 0.0002686 0.0001007 0.0002351 0.0004702 0.0003694 0.0002690 0.0002014 0.0001680 0.0001679 0.0001679 0.0001343 0.0004365 0.2092577 0.0001679 0.2093246 0.0000671 0.0002686 0.0001680 0.0002017 0.0001679 0.0000679 0.0001344 0.0002351 0.0002486 0.0001343 0.0001679 0.0001344 0.0002686 0.0001681 0.0002018 0.0002016 0.0001680 0.0020420 0.0002018 0.0002686 0.0001679 0.0009178 0.0001343 0.0002715 0.0002014 0.0001343 0.0001345 0.0002016 0.0004365 0.0002016 0.0001343 0.0002021 0.0002015 0.0008263 0.0000672 0.0002015 0.0001680 0.0002016 0.0002017 0.0001343 0.0000010 0.0008710 0.0001008 0.0001680 0.2090493 0.0002765 0.0002351 0.0001680 0.0002018 0.0001343 0.0002350 0.0003363 0.0001681 0.0002016 0.0001682 0.0001680 0.0002354 0.0886888 0.0003694 0.0001680 0.0001007 0.0002015 0.0001343 0.0002014 0.0004779 0.2095174 0.0002016 0.0002352 0.0002016 0.0002014 0.0000672 0.0002351 0.0001679 0.0002015 0.0001343 0.0002014 0.0001343 0.0001345 0.0002017 0.0004041 0.0002016 0.0002350 0.0001680 0.0009760 0.0003025 0.0000671 0.0000673 0.0003025 0.0002014 0.0002016 0.0002351 0.0003694 0.0001679 0.0001344 0.0003027 0.0001352 0.0001343 0.0002440 0.0001344 0.0001682 0.0003022 0.0002687 0.0001344 0.0001679 0.0002351 0.0002014 0.0408622 0.0001679 0.0001681 0.0001344 
_BetaCoV_Wuhan_HBCDC_HB_03_2019_EPI_ISL_412899           0.0000670 0.0000010 0.0000010 0.0000336 0.0002010 0.2098243 0.0001340 0.2092716 0.0001344 0.0000000 0.0001340 0.0000336 0.0000010 0.0000010 0.0000670 0.0000671 0.0001676 0.0000670 0.0002694 0.0001005 0.0001005 0.0001340 0.0001005 0.0000670 0.0002011 0.0003017 0.0000010 0.0001005 0.0001005 0.0001340 0.0000335 0.0000671 0.0001005 0.1209991 0.0001005 0.1196937 0.0000670 0.0000010 0.0000335 0.0001005 0.0010652 0.0002011 0.0000335 0.0001005 0.0001020 0.0001675 0.0001675 0.0000672 0.0000670 0.0000670 0.0000701 0.0000010 0.0001006 0.0000335 0.0002346 0.0000335 0.0001006 0.0000670 0.0000670 0.0001340 0.0001005 0.0002346 0.0004693 0.0002346 0.0001341 0.0000670 0.0000335 0.0000335 0.0001675 0.0000010 0.0003016 0.2086177 0.0000335 0.2090969 0.0002016 0.0002346 0.0000335 0.0000670 0.0000335 0.0000679 0.0000010 0.0001005 0.0001063 0.0000010 0.0000335 0.0001341 0.0002352 0.0001676 0.0000672 0.0000670 0.0000335 0.0018257 0.0000671 0.0001340 0.0000335 0.0008821 0.0002011 0.0001356 0.0000670 0.0000010 0.0000010 0.0000670 0.0003016 0.0000670 0.0000010 0.0000673 0.0000670 0.0007905 0.0000670 0.0000670 0.0001675 0.0000670 0.0000670 0.0001340 0.0001342 0.0007124 0.0001005 0.0000335 0.2088227 0.0001383 0.0001005 0.0000335 0.0000671 0.0000010 0.0002016 0.0002015 0.0000335 0.0002011 0.0000335 0.0000335 0.0001007 0.0885696 0.0000670 0.0001676 0.0001005 0.0000670 0.0000010 0.0000670 0.0003405 0.2092890 0.0000670 0.0001005 0.0000670 0.0000670 0.0000010 0.0001005 0.0000010 0.0000670 0.0000010 0.0000670 0.0000010 0.0001341 0.0000671 0.0002689 0.0000670 0.0001675 0.0000335 0.0009065 0.0001676 0.0001005 0.0000672 0.0001675 0.0000670 0.0002011 0.0002346 0.0002346 0.0000335 0.0000010 0.0001679 0.0000010 0.0001340 0.0001046 0.0000010 0.0000336 0.0001675 0.0001340 0.0001340 0.0000335 0.0001005 0.0000670 0.0409232 0.0001675 0.0000335 0.0000010 
BetaCoV_Australia_QLD04_2020_EPI_ISL_410718              0.0002009 0.0001339 0.0001339 0.0001678 0.0003349 0.2099093 0.0002679 0.2094168 0.0001344 0.0001340 0.0000000 0.0001678 0.0001340 0.0001339 0.0000670 0.0002012 0.0001676 0.0002011 0.0002694 0.0001005 0.0001005 0.0002680 0.0002344 0.0002011 0.0002345 0.0004357 0.0001341 0.0001005 0.0002344 0.0000010 0.0001677 0.0002012 0.0002345 0.1209504 0.0002344 0.1197030 0.0002009 0.0001339 0.0001676 0.0001005 0.0012029 0.0002010 0.0001676 0.0002344 0.0000010 0.0001674 0.0001674 0.0002017 0.0002011 0.0001005 0.0002102 0.0001341 0.0001005 0.0001674 0.0002344 0.0001674 0.0002346 0.0002009 0.0002009 0.0002679 0.0001005 0.0002344 0.0004690 0.0003684 0.0002682 0.0002009 0.0001675 0.0001674 0.0001674 0.0001339 0.0004354 0.2086382 0.0001674 0.2092420 0.0002016 0.0003014 0.0001675 0.0002011 0.0001674 0.0000339 0.0001340 0.0002344 0.0002127 0.0001339 0.0001675 0.0000010 0.0002688 0.0001676 0.0002015 0.0002011 0.0001676 0.0019826 0.0002014 0.0002679 0.0002679 0.0009159 0.0002681 0.0002372 0.0002009 0.0001339 0.0001341 0.0002010 0.0004354 0.0002009 0.0001339 0.0001681 0.0002009 0.0007901 0.0000670 0.0002009 0.0000335 0.0002010 0.0002011 0.0001339 0.0001342 0.0008313 0.0001005 0.0001676 0.2089676 0.0002766 0.0002344 0.0001675 0.0002013 0.0001340 0.0002016 0.0003023 0.0001676 0.0000670 0.0001678 0.0001676 0.0002351 0.0885782 0.0002344 0.0001676 0.0001005 0.0002009 0.0001340 0.0002009 0.0004768 0.2094342 0.0002011 0.0002345 0.0002010 0.0002009 0.0000670 0.0002344 0.0001680 0.0002009 0.0001340 0.0002009 0.0001339 0.0001341 0.0002011 0.0004034 0.0002010 0.0004019 0.0001676 0.0009732 0.0002681 0.0001005 0.0000672 0.0003016 0.0002009 0.0002010 0.0002344 0.0003350 0.0001674 0.0001339 0.0003023 0.0001348 0.0001339 0.0002440 0.0001340 0.0001679 0.0003014 0.0002679 0.0001340 0.0001675 0.0002344 0.0002009 0.0409111 0.0001674 0.0001676 0.0001341 
BetaCoV_Jiangsu_IVDC_JS_001_2020_EPI_ISL_408488          0.0001006 0.0000335 0.0000336 0.0000672 0.0002348 0.2103052 0.0001678 0.2093336 0.0001345 0.0000336 0.0001678 0.0000000 0.0000336 0.0000335 0.0001342 0.0001007 0.0002015 0.0000671 0.0002697 0.0001343 0.0001343 0.0001678 0.0001342 0.0001006 0.0002686 0.0003022 0.0000336 0.0001342 0.0001678 0.0001678 0.0000672 0.0001007 0.0001342 0.1209991 0.0001342 0.1197480 0.0002013 0.0000336 0.0000672 0.0001342 0.0010665 0.0002348 0.0000672 0.0001342 0.0001020 0.0002013 0.0002013 0.0001008 0.0000672 0.0001342 0.0000701 0.0000336 0.0001343 0.0000671 0.0002685 0.0000671 0.0001342 0.0001007 0.0000671 0.0001677 0.0001342 0.0002685 0.0005034 0.0002684 0.0001679 0.0001006 0.0000672 0.0000671 0.0002013 0.0000336 0.0003355 0.2090918 0.0000671 0.2091585 0.0002017 0.0002684 0.0000672 0.0001007 0.0000671 0.0000679 0.0000336 0.0001343 0.0001418 0.0000335 0.0000671 0.0001679 0.0002689 0.0002015 0.0001008 0.0001007 0.0000672 0.0018784 0.0001007 0.0001677 0.0000671 0.0009509 0.0002348 0.0001695 0.0001006 0.0000336 0.0000336 0.0001007 0.0003355 0.0001007 0.0000335 0.0001009 0.0001007 0.0008607 0.0001007 0.0001007 0.0002014 0.0001007 0.0001007 0.0001678 0.0001679 0.0007129 0.0001343 0.0000671 0.2088837 0.0001384 0.0001342 0.0000671 0.0001007 0.0000335 0.0002353 0.0002352 0.0000672 0.0002350 0.0000672 0.0000672 0.0001344 0.0887313 0.0004026 0.0002015 0.0001342 0.0001007 0.0000335 0.0001006 0.0003747 0.2093510 0.0001007 0.0001343 0.0001007 0.0001006 0.0000336 0.0001342 0.0000336 0.0001007 0.0000335 0.0001006 0.0000335 0.0001679 0.0001008 0.0003025 0.0001007 0.0002684 0.0000672 0.0009414 0.0002015 0.0001006 0.0001008 0.0002015 0.0001006 0.0002350 0.0002685 0.0002684 0.0000671 0.0000336 0.0002016 0.0000338 0.0001678 0.0001046 0.0000336 0.0000672 0.0002013 0.0001678 0.0001679 0.0000671 0.0001343 0.0001006 0.0409342 0.0002013 0.0000672 0.0000336 
BetaCoV_Nonthaburi_61_2020_EPI_ISL_403962                0.0000670 0.0000010 0.0000010 0.0000336 0.0002010 0.2098243 0.0001340 0.2092716 0.0001344 0.0000010 0.0001340 0.0000336 0.0000000 0.0000010 0.0000670 0.0000671 0.0001676 0.0000670 0.0002694 0.0001005 0.0001005 0.0001340 0.0001005 0.0000670 0.0002011 0.0003017 0.0000010 0.0001005 0.0001005 0.0001340 0.0000335 0.0000671 0.0001005 0.1209991 0.0001005 0.1196937 0.0000670 0.0000010 0.0000335 0.0001005 0.0010652 0.0002011 0.0000335 0.0001005 0.0001020 0.0001675 0.0001675 0.0000672 0.0000670 0.0000670 0.0000701 0.0000010 0.0001006 0.0000335 0.0002346 0.0000335 0.0001006 0.0000670 0.0000670 0.0001340 0.0001005 0.0002346 0.0004693 0.0002346 0.0001341 0.0000670 0.0000335 0.0000335 0.0001675 0.0000010 0.0003016 0.2086177 0.0000335 0.2090969 0.0002016 0.0002346 0.0000335 0.0000670 0.0000335 0.0000679 0.0000010 0.0001005 0.0001063 0.0000010 0.0000335 0.0001341 0.0002352 0.0001676 0.0000672 0.0000670 0.0000335 0.0018257 0.0000671 0.0001340 0.0000335 0.0008821 0.0002011 0.0001356 0.0000670 0.0000010 0.0000010 0.0000670 0.0003016 0.0000670 0.0000010 0.0000673 0.0000670 0.0007905 0.0000670 0.0000670 0.0001675 0.0000670 0.0000670 0.0001340 0.0001342 0.0007124 0.0001005 0.0000335 0.2088227 0.0001383 0.0001005 0.0000335 0.0000671 0.0000010 0.0002016 0.0002015 0.0000335 0.0002011 0.0000335 0.0000335 0.0001007 0.0885696 0.0000670 0.0001676 0.0001005 0.0000670 0.0000010 0.0000670 0.0003405 0.2092890 0.0000670 0.0001005 0.0000670 0.0000670 0.0000010 0.0001005 0.0000010 0.0000670 0.0000010 0.0000670 0.0000010 0.0001341 0.0000671 0.0002689 0.0000670 0.0001675 0.0000335 0.0009065 0.0001676 0.0001005 0.0000672 0.0001675 0.0000670 0.0002011 0.0002346 0.0002346 0.0000335 0.0000010 0.0001679 0.0000010 0.0001340 0.0001046 0.0000010 0.0000336 0.0001675 0.0001340 0.0001340 0.0000335 0.0001005 0.0000670 0.0409232 0.0001675 0.0000335 0.0000010 
BetaCoV_Wuhan_IPBCAMS_WH_04_2019_EPI_ISL_403929          0.0000669 0.0000010 0.0000010 0.0000336 0.0002008 0.2098243 0.0001339 0.2095062 0.0001343 0.0000010 0.0001339 0.0000335 0.0000010 0.0000000 0.0001004 0.0000671 0.0001676 0.0000670 0.0002694 0.0001004 0.0001005 0.0001340 0.0001004 0.0000670 0.0002345 0.0003016 0.0000010 0.0001004 0.0001339 0.0001339 0.0000335 0.0000670 0.0001004 0.1209991 0.0001004 0.1196937 0.0002342 0.0000010 0.0000335 0.0001004 0.0010652 0.0002009 0.0000335 0.0001004 0.0001020 0.0001674 0.0001673 0.0000672 0.0000670 0.0001005 0.0000701 0.0000010 0.0001005 0.0000335 0.0002343 0.0000335 0.0001004 0.0000670 0.0000669 0.0002008 0.0001004 0.0002343 0.0005356 0.0002343 0.0001341 0.0000669 0.0000335 0.0000335 0.0001673 0.0000010 0.0003012 0.2086177 0.0000335 0.2093314 0.0002014 0.0003012 0.0000335 0.0000670 0.0000335 0.0000679 0.0000010 0.0001004 0.0001063 0.0000010 0.0000335 0.0001341 0.0002686 0.0001676 0.0000672 0.0000670 0.0000335 0.0018257 0.0000671 0.0001338 0.0002344 0.0009153 0.0002009 0.0001356 0.0000669 0.0000010 0.0000010 0.0000670 0.0003012 0.0000670 0.0000010 0.0000673 0.0000670 0.0008241 0.0000670 0.0000669 0.0001674 0.0000670 0.0000670 0.0001339 0.0001342 0.0007124 0.0001005 0.0000335 0.2090570 0.0001382 0.0001004 0.0000335 0.0000671 0.0000010 0.0002350 0.0002015 0.0000335 0.0002009 0.0000335 0.0000335 0.0001007 0.0885696 0.0005021 0.0001676 0.0001004 0.0000669 0.0000010 0.0000669 0.0003405 0.2095236 0.0000670 0.0001005 0.0000670 0.0000669 0.0000010 0.0001004 0.0000336 0.0000669 0.0000010 0.0000669 0.0000010 0.0001341 0.0000670 0.0002689 0.0000670 0.0005690 0.0000335 0.0009054 0.0001676 0.0001004 0.0000672 0.0001675 0.0000669 0.0002010 0.0002343 0.0002343 0.0000335 0.0000010 0.0001679 0.0000010 0.0001339 0.0001046 0.0000010 0.0000336 0.0001673 0.0001339 0.0001340 0.0000335 0.0001004 0.0000669 0.0408842 0.0001674 0.0000335 0.0000010 
BetaCoV_Taiwan_3_2020_EPI_ISL_411926                     0.0001673 0.0001004 0.0000669 0.0001007 0.0003012 0.2097653 0.0002008 0.2093949 0.0000671 0.0000670 0.0000670 0.0001342 0.0000670 0.0001004 0.0000000 0.0001341 0.0001005 0.0001340 0.0002021 0.0000335 0.0000335 0.0002010 0.0002008 0.0001674 0.0001675 0.0003686 0.0000670 0.0000669 0.0002008 0.0000669 0.0001006 0.0001676 0.0002008 0.1208907 0.0002008 0.1196015 0.0003012 0.0000669 0.0001005 0.0000335 0.0011340 0.0001674 0.0001005 0.0002008 0.0000340 0.0001004 0.0001338 0.0001344 0.0001341 0.0000335 0.0001401 0.0000670 0.0000335 0.0001339 0.0001673 0.0001004 0.0002009 0.0001339 0.0001673 0.0003012 0.0000335 0.0001673 0.0005021 0.0003012 0.0002011 0.0001673 0.0001005 0.0001004 0.0001338 0.0000669 0.0004016 0.2085066 0.0001338 0.2092201 0.0001343 0.0002677 0.0001005 0.0001340 0.0001004 0.0000010 0.0000670 0.0001674 0.0001772 0.0001004 0.0001004 0.0000670 0.0002014 0.0001005 0.0001343 0.0001341 0.0001005 0.0019303 0.0001343 0.0002342 0.0003013 0.0008814 0.0002344 0.0002033 0.0001673 0.0000669 0.0000670 0.0001340 0.0004016 0.0001339 0.0001004 0.0001345 0.0001339 0.0007898 0.0000010 0.0001339 0.0001005 0.0001340 0.0001340 0.0000669 0.0000671 0.0007917 0.0000335 0.0001005 0.2089458 0.0002074 0.0001673 0.0001005 0.0001342 0.0000670 0.0001679 0.0002687 0.0001005 0.0001340 0.0001007 0.0001005 0.0001679 0.0884517 0.0005690 0.0001005 0.0000669 0.0001339 0.0000670 0.0001673 0.0004086 0.2094123 0.0001341 0.0001674 0.0001340 0.0001673 0.0000010 0.0001673 0.0001007 0.0001339 0.0001005 0.0001673 0.0001004 0.0000670 0.0001340 0.0003361 0.0001339 0.0006694 0.0001005 0.0009389 0.0002346 0.0000335 0.0000010 0.0002346 0.0001673 0.0001340 0.0001673 0.0003348 0.0001004 0.0000670 0.0002351 0.0000674 0.0000669 0.0001743 0.0000670 0.0001007 0.0002677 0.0002008 0.0000670 0.0001339 0.0001674 0.0001673 0.0408480 0.0001004 0.0001006 0.0000670 
BetaCoV_Wuhan_WIV02_2019_EPI_ISL_402127                  0.0001341 0.0000671 0.0000671 0.0001007 0.0002683 0.2099426 0.0002012 0.2090029 0.0002016 0.0000671 0.0002012 0.0001007 0.0000671 0.0000671 0.0001341 0.0000000 0.0002349 0.0001341 0.0003368 0.0001677 0.0001677 0.0002012 0.0001677 0.0001341 0.0002683 0.0003354 0.0000671 0.0001677 0.0001677 0.0002012 0.0001007 0.0001342 0.0001677 0.1211186 0.0001677 0.1197952 0.0001341 0.0000671 0.0001006 0.0001677 0.0010652 0.0002683 0.0001006 0.0001677 0.0001700 0.0002347 0.0002347 0.0001344 0.0001006 0.0001341 0.0001402 0.0000671 0.0001677 0.0001006 0.0003018 0.0000335 0.0001677 0.0001341 0.0001006 0.0002012 0.0001677 0.0003018 0.0005368 0.0003018 0.0002013 0.0001341 0.0001006 0.0001006 0.0002347 0.0000671 0.0003689 0.2087619 0.0001006 0.2088282 0.0002689 0.0002347 0.0000335 0.0001342 0.0001006 0.0001357 0.0000671 0.0001677 0.0001772 0.0000671 0.0001006 0.0002012 0.0003025 0.0002348 0.0001343 0.0001341 0.0001006 0.0018780 0.0001343 0.0002012 0.0001006 0.0009503 0.0002683 0.0002033 0.0001341 0.0000671 0.0000671 0.0001341 0.0003689 0.0001341 0.0000671 0.0001345 0.0001341 0.0008601 0.0001341 0.0001341 0.0002347 0.0001341 0.0001342 0.0002012 0.0002013 0.0007917 0.0001677 0.0001006 0.2085542 0.0002075 0.0001677 0.0001006 0.0001343 0.0000671 0.0002689 0.0002687 0.0001006 0.0002683 0.0001007 0.0001006 0.0001679 0.0886962 0.0001341 0.0002347 0.0001677 0.0001341 0.0000671 0.0001341 0.0004087 0.2090203 0.0001341 0.0001677 0.0001341 0.0001341 0.0000671 0.0001677 0.0000672 0.0001341 0.0000671 0.0001341 0.0000671 0.0002013 0.0001342 0.0003361 0.0001341 0.0001006 0.0001006 0.0009746 0.0002347 0.0001341 0.0001343 0.0002347 0.0001341 0.0002683 0.0003018 0.0003018 0.0001006 0.0000671 0.0002351 0.0000674 0.0002012 0.0001743 0.0000671 0.0001007 0.0002347 0.0002012 0.0002012 0.0001006 0.0001677 0.0001341 0.0409930 0.0002347 0.0001006 0.0000671 
BetaCoV_England_02_2020_EPI_ISL_407073                   0.0002346 0.0001676 0.0001676 0.0002013 0.0003687 0.2100452 0.0003017 0.2095411 0.0001681 0.0001676 0.0001676 0.0002015 0.0001676 0.0001676 0.0001005 0.0002349 0.0000000 0.0002348 0.0003032 0.0001341 0.0001341 0.0003018 0.0002682 0.0002348 0.0002347 0.0004696 0.0001677 0.0001341 0.0002682 0.0001676 0.0002013 0.0002350 0.0002683 0.1210036 0.0002682 0.1196975 0.0002346 0.0001676 0.0002011 0.0001341 0.0012381 0.0002347 0.0002011 0.0002682 0.0001360 0.0002011 0.0002011 0.0002353 0.0002347 0.0001006 0.0002454 0.0001677 0.0001342 0.0002011 0.0002682 0.0002011 0.0002683 0.0002346 0.0002346 0.0003017 0.0001341 0.0002682 0.0005030 0.0004023 0.0003017 0.0002346 0.0002012 0.0002011 0.0002011 0.0001676 0.0004693 0.2087618 0.0002011 0.2093661 0.0002354 0.0002346 0.0002012 0.0002347 0.0002011 0.0001018 0.0001676 0.0002682 0.0002481 0.0001676 0.0002011 0.0001678 0.0002690 0.0002012 0.0002351 0.0002348 0.0002012 0.0019829 0.0002350 0.0003017 0.0003017 0.0009167 0.0003019 0.0003050 0.0002346 0.0001676 0.0001676 0.0002347 0.0004693 0.0002346 0.0001676 0.0002354 0.0002346 0.0008253 0.0001006 0.0002346 0.0002011 0.0002347 0.0002346 0.0001676 0.0001677 0.0009107 0.0001341 0.0002012 0.2090915 0.0003114 0.0002682 0.0002012 0.0002349 0.0001677 0.0002354 0.0003694 0.0002011 0.0002347 0.0002013 0.0002012 0.0002687 0.0886405 0.0002682 0.0002012 0.0001341 0.0002346 0.0001677 0.0002346 0.0005108 0.2095585 0.0002348 0.0002682 0.0002347 0.0002346 0.0001006 0.0002682 0.0001681 0.0002346 0.0001677 0.0002346 0.0001676 0.0000335 0.0002348 0.0004370 0.0002346 0.0004358 0.0002012 0.0010078 0.0003354 0.0001341 0.0001007 0.0003353 0.0002346 0.0002348 0.0002682 0.0004024 0.0002011 0.0001676 0.0003358 0.0001686 0.0001676 0.0002789 0.0001676 0.0002015 0.0003352 0.0003017 0.0001676 0.0002012 0.0002682 0.0002346 0.0409481 0.0002011 0.0002012 0.0001677 
BetaCoV_Hong_Kong_VB20026565_2020_EPI_ISL_412030         0.0001340 0.0000670 0.0000670 0.0000671 0.0002681 0.2097997 0.0002011 0.2088921 0.0002016 0.0000670 0.0002011 0.0000671 0.0000670 0.0000670 0.0001340 0.0001341 0.0002348 0.0000000 0.0003368 0.0001676 0.0001676 0.0002011 0.0001676 0.0001341 0.0003017 0.0003352 0.0000671 0.0001005 0.0001676 0.0002011 0.0000671 0.0001342 0.0001676 0.1209991 0.0001676 0.1197550 0.0001340 0.0000670 0.0001006 0.0001676 0.0011341 0.0002681 0.0001006 0.0001676 0.0001360 0.0002346 0.0002346 0.0001008 0.0001341 0.0001676 0.0001401 0.0000670 0.0001676 0.0000335 0.0003016 0.0001005 0.0001676 0.0001340 0.0001005 0.0002011 0.0001676 0.0003016 0.0005364 0.0003016 0.0001677 0.0001340 0.0001006 0.0001005 0.0002346 0.0000670 0.0003687 0.2086513 0.0001005 0.2087175 0.0002688 0.0003687 0.0001006 0.0001341 0.0001005 0.0001018 0.0000670 0.0001005 0.0001063 0.0000670 0.0001005 0.0002012 0.0003024 0.0002347 0.0000672 0.0001341 0.0001006 0.0018257 0.0001007 0.0002011 0.0001005 0.0009500 0.0002681 0.0001356 0.0001340 0.0000670 0.0000335 0.0001341 0.0003687 0.0001340 0.0000670 0.0001009 0.0001340 0.0008596 0.0001341 0.0001340 0.0002346 0.0001340 0.0001341 0.0002011 0.0002012 0.0007918 0.0001676 0.0001005 0.2084437 0.0002074 0.0001676 0.0001005 0.0001007 0.0000670 0.0002016 0.0001679 0.0000335 0.0002681 0.0000671 0.0001006 0.0001343 0.0886329 0.0000670 0.0002346 0.0001676 0.0001340 0.0000670 0.0001340 0.0003746 0.2089095 0.0001341 0.0001005 0.0001341 0.0001340 0.0000670 0.0001676 0.0000672 0.0001340 0.0000670 0.0000670 0.0000670 0.0002012 0.0001342 0.0003025 0.0001005 0.0000335 0.0001006 0.0009741 0.0001676 0.0001340 0.0001007 0.0002346 0.0001340 0.0002681 0.0003016 0.0002346 0.0001005 0.0000670 0.0001343 0.0000674 0.0001340 0.0001394 0.0000670 0.0000672 0.0002346 0.0002011 0.0002011 0.0001005 0.0001005 0.0001340 0.0409709 0.0002346 0.0001006 0.0000670 
BetaCoV_Tianmen_HBCDC_HB_07_2020_EPI_ISL_412983          0.0003368 0.0002694 0.0002694 0.0003034 0.0002694 0.2111511 0.0004042 0.2101358 0.0002694 0.0002694 0.0002694 0.0002697 0.0002694 0.0002694 0.0002021 0.0003368 0.0003032 0.0003368 0.0000000 0.0002358 0.0002358 0.0004042 0.0003705 0.0003368 0.0003368 0.0005390 0.0002697 0.0002358 0.0003705 0.0002694 0.0003034 0.0003368 0.0003706 0.1213350 0.0003368 0.1200287 0.0003368 0.0002694 0.0003032 0.0002358 0.0013412 0.0003368 0.0003032 0.0003705 0.0002381 0.0003031 0.0003031 0.0003374 0.0003031 0.0002021 0.0003505 0.0002694 0.0002358 0.0003031 0.0003705 0.0003031 0.0003706 0.0003368 0.0002694 0.0004042 0.0002358 0.0003705 0.0006065 0.0005053 0.0004043 0.0003368 0.0003031 0.0003031 0.0003031 0.0002694 0.0005727 0.2098922 0.0003031 0.2099599 0.0003368 0.0003031 0.0003031 0.0003368 0.0003031 0.0002036 0.0002694 0.0003705 0.0003912 0.0002694 0.0003032 0.0002695 0.0003705 0.0003031 0.0003369 0.0003368 0.0003031 0.0021009 0.0003370 0.0004042 0.0003031 0.0010231 0.0004042 0.0004081 0.0003368 0.0002694 0.0002696 0.0003368 0.0005727 0.0003368 0.0002694 0.0003375 0.0003368 0.0009309 0.0002021 0.0003368 0.0003031 0.0003368 0.0003369 0.0002694 0.0002695 0.0009912 0.0002358 0.0003031 0.2096833 0.0004158 0.0003705 0.0003031 0.0003371 0.0002694 0.0003368 0.0004718 0.0003032 0.0003368 0.0003033 0.0003031 0.0003707 0.0891166 0.0003368 0.0003031 0.0002358 0.0003368 0.0002694 0.0003368 0.0006157 0.2101533 0.0003368 0.0003705 0.0003368 0.0003368 0.0002021 0.0003705 0.0002694 0.0003368 0.0002694 0.0003368 0.0002694 0.0002695 0.0003371 0.0005399 0.0003368 0.0003031 0.0003031 0.0011143 0.0004379 0.0002021 0.0002022 0.0004379 0.0003368 0.0003368 0.0003705 0.0005053 0.0003031 0.0002694 0.0004381 0.0002709 0.0002694 0.0003835 0.0002694 0.0003033 0.0004379 0.0004042 0.0002694 0.0003031 0.0003705 0.0003368 0.0411505 0.0003031 0.0003032 0.0002694 
BetaCoV_Fujian_8_2020_EPI_ISL_411060                     0.0001674 0.0001004 0.0001004 0.0001342 0.0003014 0.2097063 0.0002344 0.2093408 0.0001008 0.0001005 0.0001005 0.0001343 0.0001005 0.0001004 0.0000335 0.0001677 0.0001341 0.0001676 0.0002358 0.0000000 0.0000670 0.0002345 0.0002009 0.0001675 0.0002010 0.0004022 0.0001005 0.0000670 0.0002009 0.0001004 0.0001342 0.0001677 0.0002010 0.1208815 0.0002009 0.1195937 0.0002344 0.0001004 0.0001340 0.0000010 0.0011684 0.0001675 0.0001340 0.0002009 0.0000680 0.0001339 0.0001339 0.0001680 0.0001676 0.0000670 0.0001752 0.0001006 0.0000670 0.0001340 0.0002009 0.0001339 0.0002010 0.0001674 0.0001674 0.0003014 0.0000010 0.0002009 0.0005024 0.0003348 0.0002346 0.0001674 0.0001340 0.0001339 0.0000670 0.0001004 0.0004018 0.2084526 0.0001339 0.2091660 0.0001680 0.0002679 0.0001340 0.0001676 0.0001339 0.0000339 0.0001005 0.0002009 0.0002127 0.0001004 0.0001339 0.0001006 0.0002351 0.0001341 0.0001679 0.0001676 0.0001340 0.0019826 0.0001678 0.0002344 0.0003348 0.0008819 0.0002345 0.0002372 0.0001674 0.0001004 0.0001006 0.0001675 0.0004018 0.0001674 0.0001004 0.0001681 0.0001674 0.0006869 0.0000335 0.0001674 0.0001339 0.0001675 0.0001676 0.0001004 0.0001006 0.0008313 0.0000670 0.0001341 0.2088917 0.0002420 0.0002009 0.0001340 0.0001678 0.0001005 0.0002016 0.0003023 0.0001340 0.0001674 0.0001342 0.0001340 0.0002015 0.0884438 0.0003349 0.0001340 0.0000670 0.0001674 0.0001005 0.0001674 0.0004427 0.2093582 0.0001676 0.0002009 0.0001675 0.0001674 0.0000335 0.0002009 0.0001344 0.0001674 0.0001005 0.0001674 0.0001004 0.0001006 0.0001676 0.0003698 0.0001674 0.0005023 0.0001340 0.0009394 0.0002681 0.0000670 0.0000336 0.0002681 0.0001674 0.0001005 0.0002009 0.0003350 0.0001339 0.0001004 0.0002687 0.0001011 0.0001004 0.0002091 0.0001005 0.0001343 0.0002679 0.0002344 0.0001005 0.0001340 0.0002009 0.0001674 0.0407953 0.0001339 0.0001341 0.0001005 
BetaCoV_Guangdong_20SF025_2020_EPI_ISL_403935            0.0001676 0.0001005 0.0001005 0.0001342 0.0003016 0.2097200 0.0002346 0.2091189 0.0001008 0.0001005 0.0001005 0.0001343 0.0001005 0.0001005 0.0000335 0.0001677 0.0001341 0.0001676 0.0002358 0.0000670 0.0000000 0.0002346 0.0002011 0.0001676 0.0001676 0.0004023 0.0001006 0.0000670 0.0002011 0.0001005 0.0001342 0.0001678 0.0002011 0.1208375 0.0002011 0.1195563 0.0001676 0.0001005 0.0001341 0.0000670 0.0011686 0.0001676 0.0001341 0.0002011 0.0000680 0.0000670 0.0000670 0.0001680 0.0001676 0.0000335 0.0001402 0.0001006 0.0000010 0.0001340 0.0002011 0.0001340 0.0002011 0.0001676 0.0001676 0.0002346 0.0000670 0.0002011 0.0004358 0.0003351 0.0002347 0.0001676 0.0001340 0.0001340 0.0001340 0.0001005 0.0004022 0.2084651 0.0001340 0.2089441 0.0001680 0.0001676 0.0001340 0.0001676 0.0001340 0.0000339 0.0001005 0.0002011 0.0002127 0.0001005 0.0001341 0.0001006 0.0002017 0.0001341 0.0001679 0.0001676 0.0001340 0.0019826 0.0001678 0.0002346 0.0001340 0.0008483 0.0002347 0.0002372 0.0001676 0.0001005 0.0001006 0.0001676 0.0004022 0.0001676 0.0001005 0.0001681 0.0001676 0.0007218 0.0000335 0.0001676 0.0001340 0.0001676 0.0001676 0.0000335 0.0001006 0.0007917 0.0000010 0.0001341 0.2086700 0.0002421 0.0002011 0.0001340 0.0001678 0.0001006 0.0001680 0.0003023 0.0001341 0.0001676 0.0001342 0.0001340 0.0002015 0.0884000 0.0001676 0.0001341 0.0000010 0.0001676 0.0001006 0.0001676 0.0004427 0.2091362 0.0001676 0.0002011 0.0001676 0.0001676 0.0000335 0.0002011 0.0001008 0.0001676 0.0001006 0.0001676 0.0001005 0.0001006 0.0001677 0.0003698 0.0001676 0.0002681 0.0001340 0.0008730 0.0002682 0.0000670 0.0000336 0.0002681 0.0001676 0.0001676 0.0001340 0.0003352 0.0001340 0.0001005 0.0002687 0.0001011 0.0000335 0.0001743 0.0001005 0.0001343 0.0002681 0.0002346 0.0001005 0.0001341 0.0002011 0.0001676 0.0408160 0.0000670 0.0001341 0.0001006 
