175
BetaCoV_Wuhan_IVDC_HB_01_2019_EPI_ISL_402119             0.0000000 0.0000669 0.0000669 0.0001004 0.0000010 0.0000010 0.0000671 0.0000670 0.0000010 0.0000670 0.0408784 0.0000335 0.0000335 0.0000010 0.0000335 0.0002008 0.0001005 0.0001005 0.0000335 0.0000335 0.0000335 0.0000010 0.0000010 0.0000670 0.0000010 0.0000010 0.0001004 0.0001673 0.0001005 0.0001339 0.0002343 0.0000669 0.0001339 0.0000335 0.0000670 0.0000670 0.0000335 0.0000336 0.0000010 0.0009054 0.0001004 0.0000669 0.0003012 0.0000670 0.0000671 0.0000010 0.0000010 0.0000670 0.0018257 0.0000010 0.0001004 0.0001004 0.0001007 0.0000010 0.0000335 0.0001341 0.0001676 0.0000010 0.0000670 0.0001342 0.0001004 0.0000010 0.0000672 0.0001341 0.0002009 0.0001005 0.0000335 0.0000335 0.0001004 0.0001004 0.0000669 0.0001005 0.0000335 0.0001673 0.0001004 0.0000335 0.0002343 0.0009153 0.0002009 0.0005356 0.0000335 0.0008241 0.0000335 0.0000679 0.0000701 0.0007124 0.0000669 0.0001004 0.0001674 0.0001339 0.0001674 0.0003012 0.0001339 0.0000335 0.0000673 0.0000336 0.0001063 0.0001339 0.0000010 0.0002343 0.0000670 0.0000335 0.0001382 0.0000010 0.0000010 0.0001020 0.0000670 0.0000335 0.2091355 0.2093098 0.2088612 0.2093275 0.2084237 0.2096259 0.0885384 0.0000670 0.0000672 0.0000669 0.0000672 0.0000669 0.0000669 0.0001674 0.0001339 0.0000670 0.0000670 0.1196323 0.0001004 0.0001004 0.0000669 0.0001004 0.0000670 0.0000669 0.0000335 0.0000010 0.0001004 0.0000010 0.0003012 0.0001004 0.0002343 0.0001673 0.0001339 0.0000335 0.0002343 0.0002344 0.0000010 0.0002345 0.0000671 0.0000670 0.0001341 0.0001675 0.1209362 0.0000335 0.0002686 0.0001343 0.0002014 0.0000336 0.0002350 0.0000335 0.0000010 0.0010652 0.0002689 0.0001046 0.0001356 0.0002342 0.0002008 0.0006024 0.0005356 0.0002010 0.0003405 0.0003016 0.0001338 0.0000669 0.0002015 0.0001340 0.0000670 
BetaCoV_Wuhan_IVDC_HB_04_2020_EPI_ISL_402120             0.0000669 0.0000000 0.0001338 0.0001673 0.0000669 0.0000669 0.0001341 0.0001340 0.0000670 0.0001340 0.0409538 0.0001005 0.0001004 0.0000669 0.0001004 0.0002677 0.0001676 0.0001676 0.0001005 0.0001005 0.0001005 0.0000670 0.0000670 0.0001341 0.0000670 0.0000670 0.0001673 0.0002342 0.0001676 0.0002008 0.0003012 0.0001339 0.0002008 0.0001007 0.0001341 0.0001341 0.0001005 0.0001007 0.0000670 0.0009725 0.0001673 0.0001338 0.0003681 0.0001340 0.0001342 0.0000669 0.0000669 0.0001339 0.0019303 0.0000670 0.0001674 0.0001673 0.0001679 0.0000670 0.0001005 0.0002011 0.0002346 0.0000674 0.0001340 0.0002012 0.0001673 0.0000670 0.0001343 0.0002011 0.0002679 0.0001675 0.0001005 0.0001005 0.0001673 0.0001673 0.0001339 0.0001674 0.0001005 0.0002342 0.0001673 0.0001004 0.0003013 0.0009832 0.0002678 0.0006026 0.0001004 0.0008929 0.0001006 0.0001357 0.0001051 0.0007520 0.0001338 0.0001673 0.0002343 0.0002008 0.0002343 0.0003681 0.0002008 0.0001004 0.0001345 0.0001007 0.0001772 0.0002008 0.0000670 0.0003012 0.0001339 0.0001006 0.0002074 0.0000669 0.0000669 0.0001700 0.0001340 0.0001006 0.2092500 0.2094243 0.2089756 0.2094419 0.2085379 0.2097508 0.0886580 0.0001339 0.0001343 0.0001338 0.0001344 0.0001338 0.0001338 0.0002344 0.0002009 0.0001340 0.0001339 0.1197261 0.0001674 0.0001674 0.0001338 0.0001674 0.0001339 0.0001339 0.0001004 0.0000670 0.0001673 0.0000669 0.0003680 0.0001673 0.0003012 0.0002342 0.0002008 0.0001004 0.0003012 0.0003013 0.0000670 0.0003016 0.0001343 0.0001340 0.0002011 0.0002346 0.1210465 0.0001004 0.0003358 0.0002014 0.0002686 0.0001007 0.0003022 0.0001005 0.0000670 0.0011340 0.0003361 0.0001743 0.0002033 0.0003012 0.0003346 0.0007707 0.0007029 0.0002681 0.0004086 0.0003686 0.0002007 0.0001338 0.0002687 0.0002011 0.0001340 
BetaCoV_Wuhan_IVDC_HB_05_2019_EPI_ISL_402121             0.0000669 0.0001338 0.0000000 0.0001673 0.0000669 0.0000669 0.0001341 0.0001340 0.0000670 0.0001340 0.0409556 0.0001005 0.0001004 0.0000669 0.0001004 0.0002677 0.0001676 0.0001676 0.0001005 0.0001005 0.0001005 0.0000670 0.0000670 0.0001341 0.0000670 0.0000670 0.0001673 0.0002342 0.0001676 0.0002008 0.0003012 0.0001339 0.0002008 0.0001007 0.0001341 0.0001341 0.0001005 0.0001007 0.0000670 0.0009725 0.0001673 0.0001338 0.0003681 0.0001340 0.0001342 0.0000669 0.0000669 0.0001339 0.0019304 0.0000670 0.0001674 0.0001673 0.0001679 0.0000670 0.0001005 0.0002011 0.0002346 0.0000674 0.0001340 0.0002012 0.0001673 0.0000670 0.0001343 0.0002011 0.0002679 0.0001675 0.0001005 0.0001005 0.0001673 0.0001673 0.0001339 0.0001674 0.0001005 0.0002342 0.0001673 0.0001004 0.0003013 0.0009832 0.0002678 0.0006026 0.0001004 0.0008929 0.0001006 0.0001357 0.0001401 0.0007917 0.0001338 0.0001673 0.0002343 0.0002008 0.0002343 0.0003681 0.0002008 0.0001004 0.0001345 0.0001007 0.0001772 0.0002008 0.0000670 0.0003012 0.0001339 0.0001006 0.0002074 0.0000669 0.0000669 0.0001700 0.0001340 0.0001006 0.2091019 0.2092762 0.2088277 0.2092938 0.2083902 0.2095891 0.0885383 0.0001339 0.0001343 0.0001338 0.0001344 0.0001338 0.0001338 0.0002344 0.0002009 0.0001340 0.0001339 0.1196323 0.0001674 0.0001674 0.0001338 0.0001674 0.0001339 0.0001339 0.0001004 0.0000670 0.0001673 0.0000669 0.0003681 0.0001673 0.0003012 0.0002342 0.0002008 0.0001004 0.0003012 0.0003013 0.0000670 0.0003016 0.0001343 0.0001340 0.0002011 0.0002346 0.1209362 0.0001004 0.0003358 0.0002014 0.0002686 0.0001007 0.0003022 0.0001005 0.0000670 0.0011340 0.0003361 0.0001743 0.0002033 0.0003012 0.0002677 0.0006694 0.0006025 0.0002681 0.0004086 0.0003686 0.0002008 0.0001338 0.0002687 0.0002011 0.0001340 
BetaCoV_Wuhan_IPBCAMS_WH_01_2019_EPI_ISL_402123          0.0001004 0.0001673 0.0001673 0.0000000 0.0001004 0.0001003 0.0001677 0.0001675 0.0001005 0.0001675 0.0409950 0.0001340 0.0001339 0.0001004 0.0001338 0.0003012 0.0002011 0.0002011 0.0001340 0.0001340 0.0001340 0.0001005 0.0001005 0.0001676 0.0001005 0.0001004 0.0002008 0.0002677 0.0002011 0.0002343 0.0003347 0.0001673 0.0002343 0.0001342 0.0001676 0.0001676 0.0001341 0.0001342 0.0001005 0.0010062 0.0002008 0.0001673 0.0004016 0.0001675 0.0001678 0.0001004 0.0001004 0.0001674 0.0019305 0.0001004 0.0002009 0.0002008 0.0002015 0.0001006 0.0001340 0.0002346 0.0002682 0.0001011 0.0001675 0.0002348 0.0002008 0.0001006 0.0001679 0.0002347 0.0003014 0.0002010 0.0001340 0.0001340 0.0002008 0.0002008 0.0001673 0.0002009 0.0001340 0.0002677 0.0002008 0.0001339 0.0003348 0.0010172 0.0003013 0.0006361 0.0001339 0.0009273 0.0001342 0.0001697 0.0001752 0.0008314 0.0001673 0.0002008 0.0002678 0.0002343 0.0002678 0.0004016 0.0002343 0.0001339 0.0001681 0.0001343 0.0002127 0.0002343 0.0001005 0.0003347 0.0001674 0.0001342 0.0002419 0.0001004 0.0001004 0.0002040 0.0001676 0.0001341 0.2093382 0.2095125 0.2090636 0.2095301 0.2086258 0.2098471 0.0886040 0.0001674 0.0001679 0.0001673 0.0001680 0.0001673 0.0001673 0.0002679 0.0002344 0.0001676 0.0001674 0.1197870 0.0002009 0.0002009 0.0001673 0.0002009 0.0001674 0.0001674 0.0001339 0.0001005 0.0002008 0.0001004 0.0004015 0.0002008 0.0003347 0.0002677 0.0002343 0.0001339 0.0003347 0.0003348 0.0001004 0.0003351 0.0001678 0.0001676 0.0002346 0.0002681 0.1211183 0.0001339 0.0003694 0.0002350 0.0003022 0.0001343 0.0003358 0.0001340 0.0001005 0.0011685 0.0003698 0.0002091 0.0002372 0.0003347 0.0003681 0.0009050 0.0007374 0.0003016 0.0004427 0.0004022 0.0002342 0.0001672 0.0003023 0.0002346 0.0001675 
BetaCoV_Wuhan_WIV04_2019_EPI_ISL_402124                  0.0000010 0.0000669 0.0000669 0.0001004 0.0000000 0.0000010 0.0000671 0.0000670 0.0000010 0.0000670 0.0408784 0.0000335 0.0000335 0.0000010 0.0000335 0.0002008 0.0001005 0.0001005 0.0000335 0.0000335 0.0000335 0.0000010 0.0000010 0.0000670 0.0000010 0.0000010 0.0001004 0.0001673 0.0001005 0.0001339 0.0002343 0.0000669 0.0001339 0.0000335 0.0000670 0.0000670 0.0000335 0.0000336 0.0000010 0.0009054 0.0001004 0.0000669 0.0003012 0.0000670 0.0000671 0.0000010 0.0000010 0.0000670 0.0018257 0.0000010 0.0001004 0.0001004 0.0001007 0.0000010 0.0000335 0.0001341 0.0001676 0.0000010 0.0000670 0.0001342 0.0001004 0.0000010 0.0000672 0.0001341 0.0002009 0.0001005 0.0000335 0.0000335 0.0001004 0.0001004 0.0000669 0.0001005 0.0000335 0.0001673 0.0001004 0.0000335 0.0002343 0.0009153 0.0002009 0.0005356 0.0000335 0.0008241 0.0000335 0.0000679 0.0000701 0.0007124 0.0000669 0.0001004 0.0001674 0.0001339 0.0001674 0.0003012 0.0001339 0.0000335 0.0000673 0.0000336 0.0001063 0.0001339 0.0000010 0.0002343 0.0000670 0.0000335 0.0001382 0.0000010 0.0000010 0.0001020 0.0000670 0.0000335 0.2091355 0.2093098 0.2088612 0.2093275 0.2084237 0.2096259 0.0885384 0.0000670 0.0000672 0.0000669 0.0000672 0.0000669 0.0000669 0.0001674 0.0001339 0.0000670 0.0000670 0.1196323 0.0001004 0.0001004 0.0000669 0.0001004 0.0000670 0.0000669 0.0000335 0.0000010 0.0001004 0.0000010 0.0003012 0.0001004 0.0002343 0.0001673 0.0001339 0.0000335 0.0002343 0.0002344 0.0000010 0.0002345 0.0000671 0.0000670 0.0001341 0.0001675 0.1209362 0.0000335 0.0002686 0.0001343 0.0002014 0.0000336 0.0002350 0.0000335 0.0000010 0.0010652 0.0002689 0.0001046 0.0001356 0.0002342 0.0002008 0.0006024 0.0005356 0.0002010 0.0003405 0.0003016 0.0001338 0.0000669 0.0002015 0.0001340 0.0000670 
BetaCoV_Wuhan_Hu_1_2019_EPI_ISL_402125                   0.0000010 0.0000669 0.0000669 0.0001003 0.0000010 0.0000000 0.0000671 0.0000670 0.0000010 0.0000670 0.0408784 0.0000335 0.0000335 0.0000010 0.0000334 0.0002008 0.0001005 0.0001005 0.0000335 0.0000335 0.0000335 0.0000010 0.0000010 0.0000670 0.0000010 0.0000010 0.0001004 0.0001673 0.0001005 0.0001339 0.0002343 0.0000669 0.0001339 0.0000335 0.0000670 0.0000670 0.0000335 0.0000336 0.0000010 0.0009054 0.0001004 0.0000669 0.0003012 0.0000670 0.0000671 0.0000010 0.0000010 0.0000670 0.0018257 0.0000010 0.0001004 0.0001004 0.0001007 0.0000010 0.0000335 0.0001341 0.0001676 0.0000010 0.0000670 0.0001342 0.0001004 0.0000010 0.0000672 0.0001341 0.0002009 0.0001005 0.0000335 0.0000335 0.0001004 0.0001004 0.0000669 0.0001005 0.0000335 0.0001673 0.0001004 0.0000335 0.0002343 0.0009153 0.0002009 0.0005356 0.0000335 0.0008241 0.0000335 0.0000679 0.0000701 0.0007124 0.0000669 0.0001004 0.0001674 0.0001339 0.0001674 0.0003012 0.0001339 0.0000335 0.0000673 0.0000336 0.0001063 0.0001339 0.0000010 0.0002343 0.0000670 0.0000335 0.0001382 0.0000010 0.0000010 0.0001020 0.0000670 0.0000335 0.2091355 0.2093098 0.2088612 0.2093275 0.2084237 0.2096259 0.0885384 0.0000670 0.0000672 0.0000669 0.0000672 0.0000669 0.0000669 0.0001674 0.0001339 0.0000670 0.0000670 0.1196323 0.0001004 0.0001004 0.0000669 0.0001004 0.0000670 0.0000669 0.0000335 0.0000010 0.0001004 0.0000010 0.0003010 0.0001004 0.0002343 0.0001673 0.0001339 0.0000335 0.0002343 0.0002344 0.0000010 0.0002345 0.0000671 0.0000670 0.0001341 0.0001675 0.1209362 0.0000335 0.0002686 0.0001343 0.0002014 0.0000336 0.0002350 0.0000335 0.0000010 0.0010652 0.0002689 0.0001046 0.0001356 0.0002342 0.0002677 0.0008043 0.0006359 0.0002010 0.0003405 0.0003016 0.0001338 0.0000669 0.0002015 0.0001340 0.0000670 
BetaCoV_Wuhan_WIV02_2019_EPI_ISL_402127                  0.0000671 0.0001341 0.0001341 0.0001677 0.0000671 0.0000671 0.0000000 0.0001341 0.0000671 0.0001341 0.0409871 0.0001006 0.0001006 0.0000671 0.0001006 0.0002683 0.0001677 0.0001677 0.0001006 0.0001006 0.0001006 0.0000671 0.0000671 0.0001006 0.0000671 0.0000671 0.0001677 0.0002347 0.0001677 0.0001677 0.0003018 0.0001341 0.0002012 0.0001007 0.0001341 0.0001341 0.0001006 0.0001007 0.0000671 0.0009746 0.0001677 0.0001341 0.0003689 0.0001341 0.0001343 0.0000671 0.0000671 0.0001341 0.0018781 0.0000671 0.0001341 0.0001677 0.0001679 0.0000671 0.0001006 0.0002013 0.0002349 0.0000674 0.0001342 0.0002013 0.0001677 0.0000671 0.0001343 0.0002012 0.0002683 0.0001341 0.0001006 0.0001006 0.0001677 0.0001677 0.0001341 0.0001677 0.0001006 0.0002347 0.0001677 0.0001006 0.0003018 0.0009503 0.0002683 0.0005368 0.0001006 0.0008600 0.0001007 0.0001357 0.0001402 0.0007917 0.0001006 0.0001677 0.0002347 0.0002012 0.0002347 0.0002347 0.0002012 0.0001006 0.0001345 0.0001007 0.0001772 0.0002012 0.0000671 0.0003018 0.0001341 0.0001007 0.0002075 0.0000671 0.0000671 0.0001700 0.0001342 0.0001006 0.2086339 0.2088082 0.2083601 0.2088258 0.2085678 0.2097442 0.0886649 0.0001341 0.0001343 0.0001341 0.0001344 0.0001341 0.0001341 0.0002347 0.0002012 0.0001342 0.0001341 0.1197338 0.0001677 0.0001677 0.0001341 0.0001677 0.0001341 0.0001341 0.0001006 0.0000671 0.0001341 0.0000671 0.0003689 0.0001677 0.0003018 0.0002347 0.0002012 0.0000335 0.0003018 0.0001006 0.0000671 0.0002683 0.0001343 0.0001341 0.0002013 0.0002347 0.1210556 0.0001006 0.0003025 0.0002016 0.0002689 0.0000672 0.0002689 0.0000335 0.0000671 0.0010652 0.0003361 0.0001743 0.0002033 0.0001341 0.0002012 0.0001006 0.0001341 0.0002683 0.0004087 0.0003354 0.0002012 0.0001341 0.0002687 0.0002012 0.0001341 
BetaCoV_Wuhan_WIV05_2019_EPI_ISL_402128                  0.0000670 0.0001340 0.0001340 0.0001675 0.0000670 0.0000670 0.0001341 0.0000000 0.0000670 0.0001340 0.0409887 0.0001005 0.0001005 0.0000670 0.0001005 0.0002680 0.0001676 0.0001676 0.0001005 0.0001005 0.0001005 0.0000670 0.0000670 0.0001341 0.0000670 0.0000670 0.0001675 0.0002345 0.0001676 0.0001675 0.0003015 0.0001340 0.0002010 0.0001007 0.0001341 0.0001341 0.0001005 0.0001007 0.0000670 0.0009736 0.0001675 0.0001340 0.0003686 0.0001340 0.0001342 0.0000670 0.0000670 0.0001341 0.0019304 0.0000670 0.0001675 0.0001676 0.0001679 0.0000671 0.0001006 0.0002012 0.0002347 0.0000674 0.0001341 0.0002012 0.0001675 0.0000670 0.0001343 0.0002012 0.0002680 0.0001676 0.0001006 0.0001006 0.0001675 0.0001675 0.0001340 0.0001675 0.0001005 0.0002345 0.0001675 0.0001005 0.0003015 0.0009160 0.0002681 0.0005363 0.0001005 0.0008592 0.0001007 0.0001357 0.0001401 0.0007917 0.0001340 0.0001675 0.0002345 0.0002010 0.0002345 0.0003686 0.0002010 0.0001005 0.0001345 0.0001007 0.0001772 0.0002010 0.0000671 0.0003015 0.0001340 0.0001006 0.0002074 0.0000670 0.0000670 0.0001700 0.0001341 0.0001006 0.2089708 0.2091450 0.2086967 0.2091627 0.2085548 0.2096975 0.0886649 0.0001340 0.0001343 0.0001340 0.0001344 0.0001340 0.0001340 0.0002345 0.0002010 0.0001341 0.0001340 0.1197338 0.0001675 0.0001675 0.0001340 0.0001675 0.0001340 0.0001340 0.0001005 0.0000670 0.0001340 0.0000670 0.0003686 0.0001675 0.0003015 0.0002345 0.0002010 0.0001005 0.0003015 0.0001005 0.0000670 0.0003016 0.0001343 0.0001341 0.0002012 0.0002346 0.1210556 0.0001005 0.0003024 0.0002016 0.0002688 0.0000672 0.0002688 0.0001005 0.0000670 0.0011340 0.0003361 0.0001743 0.0002033 0.0001340 0.0002010 0.0002010 0.0001340 0.0002681 0.0004086 0.0003686 0.0002010 0.0001340 0.0002687 0.0002011 0.0001340 
BetaCoV_Wuhan_WIV06_2019_EPI_ISL_402129                  0.0000010 0.0000670 0.0000670 0.0001005 0.0000010 0.0000010 0.0000671 0.0000670 0.0000000 0.0000670 0.0409062 0.0000335 0.0000335 0.0000010 0.0000335 0.0002010 0.0001005 0.0001005 0.0000335 0.0000335 0.0000335 0.0000010 0.0000010 0.0000670 0.0000010 0.0000010 0.0001005 0.0001675 0.0001006 0.0001005 0.0002345 0.0000670 0.0001340 0.0000335 0.0000670 0.0000670 0.0000335 0.0000336 0.0000010 0.0009063 0.0001005 0.0000670 0.0003015 0.0000670 0.0000671 0.0000010 0.0000010 0.0000670 0.0018257 0.0000010 0.0001005 0.0001005 0.0001007 0.0000010 0.0000335 0.0001341 0.0001676 0.0000010 0.0000670 0.0001342 0.0001005 0.0000010 0.0000672 0.0001341 0.0002010 0.0001005 0.0000335 0.0000335 0.0001005 0.0001005 0.0000670 0.0001005 0.0000335 0.0001675 0.0001005 0.0000335 0.0002345 0.0009159 0.0002010 0.0004692 0.0000335 0.0007904 0.0000336 0.0000679 0.0000701 0.0007124 0.0000670 0.0001005 0.0001675 0.0001340 0.0001675 0.0003015 0.0001340 0.0000335 0.0000673 0.0000336 0.0001063 0.0001340 0.0000010 0.0002345 0.0000670 0.0000335 0.0001383 0.0000010 0.0000010 0.0001020 0.0000670 0.0000335 0.2087021 0.2088763 0.2084283 0.2088939 0.2084237 0.2096259 0.0885384 0.0000670 0.0000672 0.0000670 0.0000672 0.0000670 0.0000670 0.0001675 0.0001340 0.0000670 0.0000670 0.1196323 0.0001005 0.0001005 0.0000670 0.0001005 0.0000670 0.0000670 0.0000335 0.0000010 0.0000670 0.0000010 0.0003015 0.0001005 0.0002345 0.0001675 0.0001340 0.0000335 0.0002345 0.0000335 0.0000010 0.0002346 0.0000671 0.0000670 0.0001341 0.0001676 0.1209362 0.0000335 0.0002352 0.0001344 0.0002016 0.0000010 0.0002016 0.0000335 0.0000010 0.0010652 0.0002689 0.0001046 0.0001356 0.0000670 0.0001340 0.0001340 0.0000670 0.0002010 0.0003405 0.0003016 0.0001340 0.0000670 0.0002015 0.0001340 0.0000670 
BetaCoV_Wuhan_WIV07_2019_EPI_ISL_402130                  0.0000670 0.0001340 0.0001340 0.0001675 0.0000670 0.0000670 0.0001341 0.0001340 0.0000670 0.0000000 0.0409823 0.0001005 0.0001005 0.0000670 0.0001005 0.0002680 0.0001676 0.0001676 0.0001005 0.0001005 0.0001005 0.0000670 0.0000670 0.0001341 0.0000670 0.0000670 0.0001675 0.0002345 0.0001676 0.0001675 0.0003015 0.0001340 0.0002010 0.0001007 0.0001341 0.0001341 0.0001005 0.0001007 0.0000670 0.0009735 0.0001675 0.0001340 0.0003685 0.0001340 0.0001342 0.0000670 0.0000670 0.0001340 0.0019306 0.0000670 0.0001675 0.0001675 0.0001679 0.0000671 0.0001006 0.0002012 0.0002347 0.0000674 0.0001341 0.0002012 0.0001675 0.0000670 0.0001343 0.0002011 0.0002680 0.0001676 0.0001006 0.0001006 0.0001675 0.0001675 0.0001340 0.0001675 0.0001005 0.0002345 0.0001675 0.0001005 0.0003015 0.0009839 0.0002680 0.0005362 0.0001005 0.0008592 0.0001007 0.0001357 0.0001401 0.0007918 0.0001340 0.0001675 0.0002345 0.0002010 0.0002345 0.0003685 0.0002010 0.0001005 0.0001345 0.0001007 0.0001418 0.0002010 0.0000670 0.0003015 0.0001340 0.0001006 0.0002074 0.0000670 0.0000670 0.0001700 0.0001341 0.0001006 0.2089190 0.2090933 0.2086449 0.2091109 0.2085650 0.2097806 0.0885982 0.0001340 0.0001343 0.0001340 0.0001344 0.0001340 0.0001340 0.0002345 0.0002010 0.0001341 0.0001340 0.1197395 0.0001675 0.0001675 0.0001340 0.0001675 0.0001340 0.0001340 0.0001005 0.0000670 0.0001340 0.0000670 0.0003685 0.0001675 0.0003015 0.0002345 0.0002010 0.0001005 0.0003015 0.0001005 0.0000670 0.0003016 0.0001343 0.0001340 0.0002012 0.0002346 0.1209914 0.0001005 0.0003360 0.0002016 0.0002688 0.0001008 0.0002688 0.0001005 0.0000670 0.0011341 0.0003361 0.0001743 0.0002033 0.0001340 0.0002010 0.0002010 0.0001340 0.0002681 0.0004086 0.0003686 0.0002010 0.0001340 0.0002687 0.0002011 0.0001340 
BetaCoV_bat_Yunnan_RaTG13_2013_EPI_ISL_402131            0.0408784 0.0409538 0.0409556 0.0409950 0.0408784 0.0408784 0.0409871 0.0409887 0.0409062 0.0409823 0.0000000 0.0409567 0.0409286 0.0408784 0.0409156 0.0411168 0.0408102 0.0408102 0.0409250 0.0409602 0.0409602 0.0409174 0.0409029 0.0409647 0.0408643 0.0407894 0.0407760 0.0408412 0.0407794 0.0410504 0.0409329 0.0409663 0.0408176 0.0409720 0.0409651 0.0409651 0.0408524 0.0409041 0.0408896 0.0417918 0.0407662 0.0409538 0.0410400 0.0409946 0.0410158 0.0408882 0.0408882 0.0409387 0.0396936 0.0408522 0.0408448 0.0409347 0.0409329 0.0409500 0.0409773 0.0409050 0.0409422 0.0405966 0.0409311 0.0409239 0.0407760 0.0408944 0.0408184 0.0408987 0.0409070 0.0408308 0.0409806 0.0409802 0.0410032 0.0410032 0.0409637 0.0410285 0.0409515 0.0408417 0.0408450 0.0409200 0.0411558 0.0418401 0.0408847 0.0410943 0.0409170 0.0418692 0.0409282 0.0410820 0.0410716 0.0421942 0.0409208 0.0410014 0.0408527 0.0408150 0.0408565 0.0410037 0.0410494 0.0408180 0.0409526 0.0409353 0.0412545 0.0409702 0.0408464 0.0409323 0.0409794 0.0409283 0.0413084 0.0408894 0.0408894 0.0412172 0.0409429 0.0409826 0.2125632 0.2127405 0.2122474 0.2129418 0.2121690 0.2144567 0.0908190 0.0409892 0.0409734 0.0409577 0.0409681 0.0408827 0.0408827 0.0409425 0.0409052 0.0409290 0.0409812 0.1211344 0.0410188 0.0407895 0.0408798 0.0410163 0.0409837 0.0409763 0.0409396 0.0408606 0.0408421 0.0408784 0.0410109 0.0409916 0.0411630 0.0410007 0.0408905 0.0409269 0.0409319 0.0409370 0.0409029 0.0410009 0.0409930 0.0409651 0.0410935 0.0410321 0.1224835 0.0409259 0.0410133 0.0408562 0.0409319 0.0408949 0.0409716 0.0409561 0.0409174 0.0424263 0.0411650 0.0392566 0.0390766 0.0410723 0.0409591 0.0411902 0.0412793 0.0408763 0.0414827 0.0411959 0.0409580 0.0409615 0.0410531 0.0409225 0.0408424 
BetaCoV_Wuhan_HBCDC_HB_01_2019_EPI_ISL_402132            0.0000335 0.0001005 0.0001005 0.0001340 0.0000335 0.0000335 0.0001006 0.0001005 0.0000335 0.0001005 0.0409567 0.0000000 0.0000670 0.0000335 0.0000670 0.0002346 0.0001340 0.0001340 0.0000670 0.0000670 0.0000670 0.0000335 0.0000335 0.0001005 0.0000335 0.0000335 0.0001340 0.0002010 0.0001341 0.0001340 0.0002681 0.0001005 0.0001675 0.0000671 0.0001006 0.0001006 0.0000670 0.0000671 0.0000335 0.0009401 0.0001340 0.0001005 0.0003351 0.0001005 0.0001006 0.0000335 0.0000335 0.0001006 0.0018781 0.0000335 0.0001340 0.0001341 0.0001343 0.0000335 0.0000670 0.0001676 0.0002012 0.0000010 0.0001006 0.0001677 0.0001340 0.0000335 0.0001007 0.0001677 0.0002346 0.0001006 0.0000670 0.0000670 0.0001340 0.0001340 0.0001005 0.0001340 0.0000670 0.0002010 0.0001340 0.0000670 0.0002681 0.0009162 0.0002346 0.0005028 0.0000670 0.0008249 0.0000672 0.0001018 0.0001051 0.0007521 0.0001005 0.0001340 0.0002010 0.0001675 0.0002010 0.0002681 0.0001675 0.0000670 0.0001009 0.0000672 0.0001418 0.0001675 0.0000335 0.0002681 0.0001005 0.0000671 0.0001729 0.0000335 0.0000335 0.0001360 0.0001006 0.0000671 0.2089727 0.2091470 0.2086986 0.2091646 0.2084949 0.2097038 0.0885384 0.0001005 0.0001007 0.0001005 0.0001008 0.0001005 0.0001005 0.0002010 0.0001675 0.0001005 0.0001005 0.1196855 0.0001340 0.0001340 0.0001005 0.0001340 0.0001005 0.0001005 0.0000670 0.0000335 0.0001005 0.0000335 0.0003351 0.0001340 0.0002681 0.0002010 0.0001675 0.0000670 0.0002681 0.0000670 0.0000335 0.0002346 0.0001007 0.0001006 0.0001676 0.0002010 0.1209989 0.0000670 0.0002689 0.0001680 0.0002352 0.0000336 0.0002352 0.0000670 0.0000335 0.0010651 0.0003025 0.0001394 0.0001694 0.0001005 0.0001675 0.0002010 0.0001005 0.0002346 0.0003746 0.0003352 0.0001675 0.0001005 0.0002351 0.0001675 0.0001005 
IPBCAMS_WH_05_2020_EPI_ISL_403928                        0.0000335 0.0001004 0.0001004 0.0001339 0.0000335 0.0000335 0.0001006 0.0001005 0.0000335 0.0001005 0.0409286 0.0000670 0.0000000 0.0000335 0.0000669 0.0002343 0.0001340 0.0001340 0.0000670 0.0000670 0.0000670 0.0000335 0.0000335 0.0001005 0.0000335 0.0000335 0.0001339 0.0002008 0.0001341 0.0001674 0.0002678 0.0001004 0.0001673 0.0000671 0.0001005 0.0001005 0.0000670 0.0000671 0.0000335 0.0009392 0.0001339 0.0001004 0.0003347 0.0001005 0.0001006 0.0000335 0.0000335 0.0001005 0.0018257 0.0000335 0.0001339 0.0001339 0.0001343 0.0000335 0.0000670 0.0001676 0.0002011 0.0000337 0.0001005 0.0001677 0.0001339 0.0000335 0.0001007 0.0001676 0.0002344 0.0001340 0.0000670 0.0000670 0.0001339 0.0001339 0.0001004 0.0001340 0.0000670 0.0002008 0.0001339 0.0000669 0.0002679 0.0009496 0.0002344 0.0005692 0.0000670 0.0008243 0.0000671 0.0001018 0.0001051 0.0007521 0.0001004 0.0001339 0.0002008 0.0001674 0.0002008 0.0003347 0.0001674 0.0000669 0.0001009 0.0000672 0.0001418 0.0001673 0.0000335 0.0002678 0.0001004 0.0000671 0.0001728 0.0000335 0.0000335 0.0001360 0.0001005 0.0000671 0.2092236 0.2093979 0.2089492 0.2094156 0.2085115 0.2097221 0.0886116 0.0001005 0.0001007 0.0001004 0.0001008 0.0001004 0.0001004 0.0002009 0.0001674 0.0001005 0.0001004 0.1196936 0.0001339 0.0001339 0.0001004 0.0001339 0.0001004 0.0001004 0.0000670 0.0000335 0.0001004 0.0000335 0.0003347 0.0001339 0.0002678 0.0002008 0.0001673 0.0000669 0.0002678 0.0002678 0.0000335 0.0002681 0.0001007 0.0001005 0.0001676 0.0002010 0.1209362 0.0000669 0.0003022 0.0001679 0.0002351 0.0000672 0.0002686 0.0000670 0.0000335 0.0010997 0.0003025 0.0001394 0.0001694 0.0001673 0.0002343 0.0004352 0.0004017 0.0002345 0.0003746 0.0003351 0.0001673 0.0001004 0.0002351 0.0001675 0.0001005 
BetaCoV_Wuhan_IPBCAMS_WH_04_2019_EPI_ISL_403929          0.0000010 0.0000669 0.0000669 0.0001004 0.0000010 0.0000010 0.0000671 0.0000670 0.0000010 0.0000670 0.0408784 0.0000335 0.0000335 0.0000000 0.0000335 0.0002008 0.0001005 0.0001005 0.0000335 0.0000335 0.0000335 0.0000010 0.0000010 0.0000670 0.0000010 0.0000010 0.0001004 0.0001673 0.0001005 0.0001339 0.0002343 0.0000669 0.0001339 0.0000335 0.0000670 0.0000670 0.0000335 0.0000336 0.0000010 0.0009054 0.0001004 0.0000669 0.0003012 0.0000670 0.0000671 0.0000010 0.0000010 0.0000670 0.0018257 0.0000010 0.0001004 0.0001004 0.0001007 0.0000010 0.0000335 0.0001341 0.0001676 0.0000010 0.0000670 0.0001342 0.0001004 0.0000010 0.0000672 0.0001341 0.0002009 0.0001005 0.0000335 0.0000335 0.0001004 0.0001004 0.0000669 0.0001005 0.0000335 0.0001673 0.0001004 0.0000335 0.0002343 0.0009153 0.0002009 0.0005356 0.0000335 0.0008241 0.0000335 0.0000679 0.0000701 0.0007124 0.0000669 0.0001004 0.0001674 0.0001339 0.0001674 0.0003012 0.0001339 0.0000335 0.0000673 0.0000336 0.0001063 0.0001339 0.0000010 0.0002343 0.0000670 0.0000335 0.0001382 0.0000010 0.0000010 0.0001020 0.0000670 0.0000335 0.2091355 0.2093098 0.2088612 0.2093275 0.2084237 0.2096259 0.0885384 0.0000670 0.0000672 0.0000669 0.0000672 0.0000669 0.0000669 0.0001674 0.0001339 0.0000670 0.0000670 0.1196323 0.0001004 0.0001004 0.0000669 0.0001004 0.0000670 0.0000669 0.0000335 0.0000010 0.0001004 0.0000010 0.0003012 0.0001004 0.0002343 0.0001673 0.0001339 0.0000335 0.0002343 0.0002344 0.0000010 0.0002345 0.0000671 0.0000670 0.0001341 0.0001675 0.1209362 0.0000335 0.0002686 0.0001343 0.0002014 0.0000336 0.0002350 0.0000335 0.0000010 0.0010652 0.0002689 0.0001046 0.0001356 0.0002342 0.0002008 0.0005690 0.0005021 0.0002010 0.0003405 0.0003016 0.0001338 0.0000669 0.0002015 0.0001340 0.0000670 
BetaCoV_Wuhan_IPBCAMS_WH_03_2019_EPI_ISL_403930          0.0000335 0.0001004 0.0001004 0.0001338 0.0000335 0.0000334 0.0001006 0.0001005 0.0000335 0.0001005 0.0409156 0.0000670 0.0000669 0.0000335 0.0000000 0.0002342 0.0001340 0.0001340 0.0000670 0.0000670 0.0000670 0.0000335 0.0000335 0.0001005 0.0000335 0.0000335 0.0001339 0.0002008 0.0001341 0.0001674 0.0002678 0.0001004 0.0001673 0.0000671 0.0001005 0.0001005 0.0000670 0.0000671 0.0000335 0.0009389 0.0001338 0.0001004 0.0003346 0.0001005 0.0001006 0.0000335 0.0000335 0.0001005 0.0018780 0.0000335 0.0001339 0.0001338 0.0001343 0.0000335 0.0000670 0.0001676 0.0002011 0.0000337 0.0001005 0.0001677 0.0001339 0.0000335 0.0001007 0.0001676 0.0002344 0.0001340 0.0000670 0.0000670 0.0001339 0.0001339 0.0001004 0.0001340 0.0000670 0.0002008 0.0001339 0.0000669 0.0002678 0.0009493 0.0002343 0.0005691 0.0000669 0.0008585 0.0000671 0.0001018 0.0001051 0.0007520 0.0001004 0.0001338 0.0002008 0.0001674 0.0002008 0.0003346 0.0001674 0.0000669 0.0001009 0.0000672 0.0001418 0.0001673 0.0000335 0.0002678 0.0001004 0.0000671 0.0001728 0.0000335 0.0000335 0.0001360 0.0001005 0.0000671 0.2091896 0.2093638 0.2089152 0.2093815 0.2084776 0.2096848 0.0885965 0.0001005 0.0001007 0.0001004 0.0001008 0.0001004 0.0001004 0.0002009 0.0001674 0.0001005 0.0001004 0.1196776 0.0001339 0.0001339 0.0001004 0.0001339 0.0001004 0.0001004 0.0000670 0.0000335 0.0001338 0.0000335 0.0003345 0.0001338 0.0002677 0.0002008 0.0001673 0.0000669 0.0002678 0.0002678 0.0000335 0.0002681 0.0001007 0.0001005 0.0001676 0.0002010 0.1209362 0.0000669 0.0003022 0.0001679 0.0002350 0.0000671 0.0002686 0.0000670 0.0000335 0.0010996 0.0003025 0.0001394 0.0001694 0.0002677 0.0003011 0.0008379 0.0006694 0.0002345 0.0003746 0.0003351 0.0001673 0.0001003 0.0002351 0.0001675 0.0001005 
BetaCoV_Wuhan_IPBCAMS_WH_02_2019_EPI_ISL_403931          0.0002008 0.0002677 0.0002677 0.0003012 0.0002008 0.0002008 0.0002683 0.0002680 0.0002010 0.0002680 0.0411168 0.0002346 0.0002343 0.0002008 0.0002342 0.0000000 0.0003016 0.0003016 0.0002346 0.0002346 0.0002346 0.0002010 0.0002010 0.0002682 0.0002010 0.0002009 0.0003012 0.0003681 0.0003017 0.0003348 0.0004352 0.0002678 0.0003347 0.0002349 0.0002682 0.0002682 0.0002346 0.0002349 0.0002011 0.0011072 0.0003012 0.0002677 0.0005020 0.0002680 0.0002684 0.0002008 0.0002008 0.0002679 0.0021404 0.0002009 0.0003013 0.0003013 0.0003023 0.0002011 0.0002346 0.0003352 0.0003687 0.0002022 0.0002681 0.0003354 0.0003012 0.0002011 0.0002687 0.0003353 0.0004019 0.0003015 0.0002346 0.0002346 0.0003012 0.0003012 0.0002678 0.0003014 0.0002345 0.0003681 0.0003012 0.0002343 0.0004352 0.0011194 0.0004018 0.0007366 0.0002344 0.0008241 0.0002348 0.0000679 0.0000701 0.0007124 0.0002677 0.0003012 0.0003683 0.0003348 0.0003683 0.0005021 0.0003348 0.0002343 0.0002690 0.0002351 0.0002127 0.0003347 0.0002010 0.0004352 0.0002679 0.0002348 0.0003111 0.0002008 0.0002008 0.0001020 0.0002681 0.0002347 0.2094534 0.2096278 0.2091786 0.2096454 0.2087406 0.2099730 0.0889348 0.0002679 0.0002686 0.0002677 0.0002689 0.0002677 0.0002677 0.0003684 0.0003349 0.0002681 0.0002678 0.1196830 0.0003014 0.0003014 0.0002677 0.0003013 0.0002679 0.0002678 0.0002344 0.0002010 0.0003012 0.0002008 0.0005020 0.0003012 0.0004351 0.0003681 0.0003347 0.0002343 0.0004352 0.0004353 0.0002009 0.0004356 0.0002686 0.0002681 0.0003352 0.0003686 0.1209959 0.0002343 0.0004701 0.0003358 0.0004029 0.0002350 0.0004365 0.0002346 0.0002010 0.0010652 0.0004706 0.0001046 0.0003389 0.0004351 0.0004016 0.0007364 0.0006696 0.0004021 0.0005449 0.0005027 0.0003347 0.0002677 0.0004030 0.0003351 0.0002681 
BetaCoV_Guangdong_20SF012_2020_EPI_ISL_403932            0.0001005 0.0001676 0.0001676 0.0002011 0.0001005 0.0001005 0.0001677 0.0001676 0.0001005 0.0001676 0.0408102 0.0001340 0.0001340 0.0001005 0.0001340 0.0003016 0.0000000 0.0000010 0.0001340 0.0001340 0.0001340 0.0001005 0.0001005 0.0001676 0.0001006 0.0000335 0.0000670 0.0000670 0.0000010 0.0002011 0.0002011 0.0001676 0.0000335 0.0001342 0.0001676 0.0001676 0.0001341 0.0001342 0.0001006 0.0008730 0.0000010 0.0001676 0.0004022 0.0001676 0.0001678 0.0001005 0.0001005 0.0001676 0.0019826 0.0001006 0.0000670 0.0002011 0.0002015 0.0001006 0.0001341 0.0001006 0.0001341 0.0001011 0.0001677 0.0001006 0.0000670 0.0001006 0.0000336 0.0001006 0.0001676 0.0000335 0.0001341 0.0001341 0.0002011 0.0002011 0.0001676 0.0002011 0.0001340 0.0001340 0.0000670 0.0001340 0.0003352 0.0008483 0.0001676 0.0004358 0.0001341 0.0007218 0.0001343 0.0000339 0.0001402 0.0007917 0.0001676 0.0002011 0.0000670 0.0000335 0.0000670 0.0001676 0.0002346 0.0001341 0.0001681 0.0001343 0.0002127 0.0002346 0.0001006 0.0002011 0.0001676 0.0001342 0.0002421 0.0001005 0.0001005 0.0000680 0.0001676 0.0001341 0.2087487 0.2089229 0.2084748 0.2089405 0.2082712 0.2095217 0.0883688 0.0001676 0.0001679 0.0001676 0.0001680 0.0001676 0.0001676 0.0001340 0.0001005 0.0001676 0.0001676 0.1194950 0.0002011 0.0000670 0.0001676 0.0002011 0.0001676 0.0001676 0.0001340 0.0001006 0.0000335 0.0001005 0.0004022 0.0002011 0.0003351 0.0002681 0.0001005 0.0001340 0.0001340 0.0001340 0.0001005 0.0001676 0.0001678 0.0001676 0.0002347 0.0002681 0.1207748 0.0001340 0.0002017 0.0001008 0.0001680 0.0001008 0.0001680 0.0001340 0.0001005 0.0011686 0.0003698 0.0001743 0.0002372 0.0001676 0.0002346 0.0002681 0.0001676 0.0001676 0.0004427 0.0004023 0.0002346 0.0001676 0.0003023 0.0001005 0.0000335 
BetaCoV_Guangdong_20SF013_2020_EPI_ISL_403933            0.0001005 0.0001676 0.0001676 0.0002011 0.0001005 0.0001005 0.0001677 0.0001676 0.0001005 0.0001676 0.0408102 0.0001340 0.0001340 0.0001005 0.0001340 0.0003016 0.0000010 0.0000000 0.0001340 0.0001340 0.0001340 0.0001005 0.0001005 0.0001676 0.0001006 0.0000335 0.0000670 0.0000670 0.0000010 0.0002011 0.0002011 0.0001676 0.0000335 0.0001342 0.0001676 0.0001676 0.0001341 0.0001342 0.0001006 0.0008730 0.0000010 0.0001676 0.0004022 0.0001676 0.0001678 0.0001005 0.0001005 0.0001676 0.0019826 0.0001006 0.0000670 0.0002011 0.0002015 0.0001006 0.0001341 0.0001006 0.0001341 0.0001011 0.0001677 0.0001006 0.0000670 0.0001006 0.0000336 0.0001006 0.0001676 0.0000335 0.0001341 0.0001341 0.0002011 0.0002011 0.0001676 0.0002011 0.0001340 0.0001340 0.0000670 0.0001340 0.0003352 0.0008483 0.0001676 0.0004358 0.0001341 0.0007218 0.0001343 0.0000339 0.0001402 0.0007917 0.0001676 0.0002011 0.0000670 0.0000335 0.0000670 0.0001676 0.0002346 0.0001341 0.0001681 0.0001343 0.0002127 0.0002346 0.0001006 0.0002011 0.0001676 0.0001342 0.0002421 0.0001005 0.0001005 0.0000680 0.0001676 0.0001341 0.2087487 0.2089229 0.2084748 0.2089405 0.2082712 0.2095217 0.0883688 0.0001676 0.0001679 0.0001676 0.0001680 0.0001676 0.0001676 0.0001340 0.0001005 0.0001676 0.0001676 0.1194950 0.0002011 0.0000670 0.0001676 0.0002011 0.0001676 0.0001676 0.0001340 0.0001006 0.0000335 0.0001005 0.0004022 0.0002011 0.0003351 0.0002681 0.0001005 0.0001340 0.0001340 0.0001340 0.0001005 0.0001676 0.0001678 0.0001676 0.0002347 0.0002681 0.1207748 0.0001340 0.0002017 0.0001008 0.0001680 0.0001008 0.0001680 0.0001340 0.0001005 0.0011686 0.0003698 0.0001743 0.0002372 0.0001676 0.0002346 0.0002681 0.0001676 0.0001676 0.0004427 0.0004023 0.0002346 0.0001676 0.0003023 0.0001005 0.0000335 
BetaCoV_Guangdong_20SF014_2020_EPI_ISL_403934            0.0000335 0.0001005 0.0001005 0.0001340 0.0000335 0.0000335 0.0001006 0.0001005 0.0000335 0.0001005 0.0409250 0.0000670 0.0000670 0.0000335 0.0000670 0.0002346 0.0001340 0.0001340 0.0000000 0.0000670 0.0000670 0.0000335 0.0000335 0.0001006 0.0000335 0.0000335 0.0001340 0.0002011 0.0001341 0.0001340 0.0002681 0.0001005 0.0001676 0.0000671 0.0001006 0.0001006 0.0000670 0.0000671 0.0000335 0.0009402 0.0001340 0.0001005 0.0002681 0.0001005 0.0001006 0.0000335 0.0000335 0.0001006 0.0018780 0.0000335 0.0001341 0.0001341 0.0001343 0.0000335 0.0000670 0.0001676 0.0002012 0.0000337 0.0001006 0.0001677 0.0001340 0.0000335 0.0001007 0.0001677 0.0002346 0.0001006 0.0000670 0.0000670 0.0001340 0.0001340 0.0001005 0.0001340 0.0000670 0.0002011 0.0001340 0.0000670 0.0002681 0.0009162 0.0002346 0.0005029 0.0000670 0.0008250 0.0000672 0.0001018 0.0001051 0.0007520 0.0001005 0.0001340 0.0002011 0.0001676 0.0002011 0.0002346 0.0001676 0.0000670 0.0001009 0.0000672 0.0001418 0.0001676 0.0000335 0.0002681 0.0001005 0.0000671 0.0001729 0.0000335 0.0000335 0.0001360 0.0001006 0.0000671 0.2088567 0.2090310 0.2085827 0.2090486 0.2083791 0.2095772 0.0885526 0.0001005 0.0001007 0.0001005 0.0001008 0.0001005 0.0001005 0.0002011 0.0001676 0.0001005 0.0001005 0.1196400 0.0001340 0.0001340 0.0001005 0.0001340 0.0001005 0.0001005 0.0000670 0.0000335 0.0001005 0.0000335 0.0003351 0.0001340 0.0002681 0.0002011 0.0001676 0.0000670 0.0002681 0.0000670 0.0000335 0.0002346 0.0001007 0.0001006 0.0001676 0.0002011 0.1209453 0.0000670 0.0002689 0.0001680 0.0002353 0.0000336 0.0002353 0.0000670 0.0000335 0.0010997 0.0003025 0.0001394 0.0001694 0.0001005 0.0001676 0.0002011 0.0001005 0.0002347 0.0003746 0.0003352 0.0001676 0.0001005 0.0002351 0.0001676 0.0001005 
BetaCoV_Guangdong_20SF028_2020_EPI_ISL_403936            0.0000335 0.0001005 0.0001005 0.0001340 0.0000335 0.0000335 0.0001006 0.0001005 0.0000335 0.0001005 0.0409602 0.0000670 0.0000670 0.0000335 0.0000670 0.0002346 0.0001340 0.0001340 0.0000670 0.0000000 0.0000010 0.0000335 0.0000335 0.0001006 0.0000335 0.0000335 0.0001340 0.0002011 0.0001341 0.0001340 0.0002681 0.0001005 0.0001676 0.0000010 0.0001006 0.0001006 0.0000670 0.0000671 0.0000335 0.0009402 0.0001340 0.0001005 0.0003351 0.0001005 0.0001006 0.0000335 0.0000335 0.0001006 0.0018257 0.0000335 0.0001341 0.0001341 0.0001343 0.0000335 0.0000670 0.0001676 0.0002012 0.0000010 0.0001006 0.0001677 0.0001340 0.0000335 0.0001007 0.0001677 0.0002346 0.0001006 0.0000670 0.0000670 0.0001340 0.0001340 0.0000335 0.0001340 0.0000670 0.0002011 0.0001340 0.0000670 0.0002681 0.0009162 0.0002346 0.0005029 0.0000670 0.0008250 0.0000672 0.0001018 0.0001051 0.0007520 0.0001005 0.0001340 0.0002011 0.0001676 0.0002011 0.0002346 0.0001676 0.0000670 0.0001009 0.0000672 0.0001418 0.0001676 0.0000335 0.0002681 0.0001005 0.0000671 0.0001729 0.0000335 0.0000335 0.0001360 0.0001006 0.0000671 0.2089711 0.2091454 0.2086970 0.2091630 0.2084933 0.2097021 0.0885449 0.0001005 0.0001007 0.0001005 0.0001008 0.0001005 0.0001005 0.0002011 0.0001676 0.0001005 0.0001005 0.1196306 0.0001340 0.0001340 0.0001005 0.0001340 0.0001005 0.0001005 0.0000670 0.0000335 0.0001005 0.0000335 0.0003351 0.0001340 0.0002681 0.0001340 0.0001676 0.0000670 0.0002681 0.0000670 0.0000335 0.0002346 0.0001007 0.0001006 0.0001676 0.0002011 0.1209342 0.0000670 0.0002689 0.0001680 0.0002353 0.0000336 0.0002353 0.0000670 0.0000335 0.0010997 0.0003025 0.0001394 0.0001694 0.0001005 0.0001676 0.0002011 0.0001005 0.0002347 0.0003746 0.0003352 0.0001676 0.0001005 0.0002351 0.0001676 0.0001005 
BetaCoV_Guangdong_20SF040_2020_EPI_ISL_403937            0.0000335 0.0001005 0.0001005 0.0001340 0.0000335 0.0000335 0.0001006 0.0001005 0.0000335 0.0001005 0.0409602 0.0000670 0.0000670 0.0000335 0.0000670 0.0002346 0.0001340 0.0001340 0.0000670 0.0000010 0.0000000 0.0000335 0.0000335 0.0001006 0.0000335 0.0000335 0.0001340 0.0002011 0.0001341 0.0001340 0.0002681 0.0001005 0.0001676 0.0000010 0.0001006 0.0001006 0.0000670 0.0000671 0.0000335 0.0009402 0.0001340 0.0001005 0.0003351 0.0001005 0.0001006 0.0000335 0.0000335 0.0001006 0.0018257 0.0000335 0.0001341 0.0001341 0.0001343 0.0000335 0.0000670 0.0001676 0.0002012 0.0000010 0.0001006 0.0001677 0.0001340 0.0000335 0.0001007 0.0001677 0.0002346 0.0001006 0.0000670 0.0000670 0.0001340 0.0001340 0.0000335 0.0001340 0.0000670 0.0002011 0.0001340 0.0000670 0.0002681 0.0009162 0.0002346 0.0005029 0.0000670 0.0008250 0.0000672 0.0001018 0.0001051 0.0007520 0.0001005 0.0001340 0.0002011 0.0001676 0.0002011 0.0002346 0.0001676 0.0000670 0.0001009 0.0000672 0.0001418 0.0001676 0.0000335 0.0002681 0.0001005 0.0000671 0.0001729 0.0000335 0.0000335 0.0001360 0.0001006 0.0000671 0.2089711 0.2091454 0.2086970 0.2091630 0.2084933 0.2097021 0.0885449 0.0001005 0.0001007 0.0001005 0.0001008 0.0001005 0.0001005 0.0002011 0.0001676 0.0001005 0.0001005 0.1196306 0.0001340 0.0001340 0.0001005 0.0001340 0.0001005 0.0001005 0.0000670 0.0000335 0.0001005 0.0000335 0.0003351 0.0001340 0.0002681 0.0001340 0.0001676 0.0000670 0.0002681 0.0000670 0.0000335 0.0002346 0.0001007 0.0001006 0.0001676 0.0002011 0.1209342 0.0000670 0.0002689 0.0001680 0.0002353 0.0000336 0.0002353 0.0000670 0.0000335 0.0010997 0.0003025 0.0001394 0.0001694 0.0001005 0.0001676 0.0002011 0.0001005 0.0002347 0.0003746 0.0003352 0.0001676 0.0001005 0.0002351 0.0001676 0.0001005 
BetaCoV_Nonthaburi_61_2020_EPI_ISL_403962                0.0000010 0.0000670 0.0000670 0.0001005 0.0000010 0.0000010 0.0000671 0.0000670 0.0000010 0.0000670 0.0409174 0.0000335 0.0000335 0.0000010 0.0000335 0.0002010 0.0001005 0.0001005 0.0000335 0.0000335 0.0000335 0.0000000 0.0000010 0.0000670 0.0000010 0.0000010 0.0001005 0.0001675 0.0001006 0.0001005 0.0002346 0.0000670 0.0001340 0.0000335 0.0000670 0.0000670 0.0000335 0.0000336 0.0000010 0.0009065 0.0001005 0.0000670 0.0003016 0.0000670 0.0000671 0.0000010 0.0000010 0.0000670 0.0018257 0.0000010 0.0001005 0.0001005 0.0001007 0.0000010 0.0000335 0.0001341 0.0001676 0.0000010 0.0000671 0.0001342 0.0001005 0.0000010 0.0000672 0.0001341 0.0002011 0.0000670 0.0000335 0.0000335 0.0001005 0.0001005 0.0000670 0.0001005 0.0000335 0.0001675 0.0001005 0.0000335 0.0002346 0.0008822 0.0002011 0.0004693 0.0000335 0.0007905 0.0000336 0.0000679 0.0000701 0.0007124 0.0000670 0.0001005 0.0001675 0.0001340 0.0001675 0.0002346 0.0001340 0.0000335 0.0000673 0.0000336 0.0001063 0.0001340 0.0000010 0.0002346 0.0000670 0.0000335 0.0001383 0.0000010 0.0000010 0.0001020 0.0000670 0.0000335 0.2089014 0.2090756 0.2086273 0.2090932 0.2084237 0.2096259 0.0885384 0.0000670 0.0000672 0.0000670 0.0000672 0.0000670 0.0000670 0.0001675 0.0001340 0.0000670 0.0000670 0.1196323 0.0001005 0.0001005 0.0000670 0.0001005 0.0000670 0.0000670 0.0000335 0.0000010 0.0000670 0.0000010 0.0003016 0.0001005 0.0002346 0.0001675 0.0001340 0.0000335 0.0002346 0.0000335 0.0000010 0.0002011 0.0000671 0.0000670 0.0001341 0.0001675 0.1209362 0.0000335 0.0002352 0.0001344 0.0002016 0.0000010 0.0002016 0.0000335 0.0000010 0.0010652 0.0002689 0.0001046 0.0001356 0.0000670 0.0001340 0.0001675 0.0000670 0.0002011 0.0003405 0.0003017 0.0001340 0.0000670 0.0002015 0.0001340 0.0000670 
