194
BetaCoV_Wuhan_IVDC_HB_01_2019_EPI_ISL_402119             0.0000000 0.0000669 0.0000669 0.0001004 0.0000010 0.0000010 0.0000671 0.0000670 0.0000010 0.0000670 0.0408982 0.0000335 0.0000335 0.0000010 0.0000335 0.0002008 0.0001005 0.0001005 0.0000335 0.0000335 0.0000335 0.0000010 0.0000010 0.0000670 0.0000010 0.0000010 0.0001004 0.0001673 0.0001005 0.0001339 0.0002343 0.0000669 0.0001339 0.0000335 0.0000670 0.0000670 0.0000335 0.0000336 0.0000010 0.0009054 0.0001004 0.0000669 0.0003012 0.0000670 0.0000671 0.0000010 0.0000010 0.0000670 0.0018257 0.0000010 0.0001004 0.0001004 0.0001007 0.0000010 0.0000335 0.0001341 0.0001676 0.0000010 0.0000670 0.0001342 0.0001004 0.0000010 0.0000672 0.0001341 0.0002009 0.0001005 0.0000335 0.0000335 0.0001004 0.0001004 0.0000669 0.0001005 0.0000335 0.0001673 0.0001004 0.0000335 0.0002343 0.0009153 0.0002009 0.0005356 0.0000335 0.0008241 0.0000335 0.0000679 0.0000701 0.0007124 0.0000669 0.0001004 0.0001674 0.0001339 0.0001674 0.0004351 0.0001339 0.0000335 0.0000673 0.0000336 0.0001063 0.0001339 0.0000010 0.0002343 0.0000670 0.0000335 0.0001382 0.0000010 0.0000010 0.0001020 0.0000670 0.0000335 0.2098075 0.2099819 0.2095304 0.2100007 0.2090893 0.2103027 0.0886463 0.0000670 0.0000672 0.0000669 0.0000672 0.0000669 0.0000669 0.0001674 0.0001339 0.0000670 0.0000670 0.1198351 0.0001004 0.0001004 0.0000669 0.0001004 0.0000670 0.0000669 0.0000335 0.0000010 0.0001004 0.0000010 0.0003012 0.0001004 0.0002343 0.0001673 0.0001339 0.0000335 0.0002343 0.0002344 0.0000010 0.0002345 0.0000671 0.0000670 0.0001341 0.0001675 0.1211436 0.0000335 0.0002686 0.0001343 0.0002014 0.0000336 0.0002350 0.0000335 0.0000010 0.0010652 0.0002689 0.0001046 0.0001356 0.0002342 0.0002008 0.0006024 0.0005356 0.0002010 0.0003405 0.0003016 0.0001338 0.0000669 0.0002015 0.0001340 0.0000670 0.0001676 0.0001676 0.0001676 0.0002694 0.0000670 0.0001004 0.0001679 0.0002009 0.0001340 0.0002009 0.0003015 0.0003348 0.0002346 0.0003022 0.0002679 0.0004350 0.0002351 0.0001679 0.0003080 
BetaCoV_Wuhan_IVDC_HB_04_2020_EPI_ISL_402120             0.0000669 0.0000000 0.0001338 0.0001673 0.0000669 0.0000669 0.0001341 0.0001340 0.0000670 0.0001340 0.0409737 0.0001005 0.0001004 0.0000669 0.0001004 0.0002677 0.0001676 0.0001676 0.0001005 0.0001005 0.0001005 0.0000670 0.0000670 0.0001341 0.0000670 0.0000670 0.0001673 0.0002342 0.0001676 0.0002008 0.0003012 0.0001339 0.0002008 0.0001007 0.0001341 0.0001341 0.0001005 0.0001007 0.0000670 0.0009725 0.0001673 0.0001338 0.0003681 0.0001340 0.0001342 0.0000669 0.0000669 0.0001339 0.0019303 0.0000670 0.0001674 0.0001673 0.0001679 0.0000670 0.0001005 0.0002011 0.0002346 0.0000674 0.0001340 0.0002012 0.0001673 0.0000670 0.0001343 0.0002011 0.0002679 0.0001675 0.0001005 0.0001005 0.0001673 0.0001673 0.0001339 0.0001674 0.0001005 0.0002342 0.0001673 0.0001004 0.0003013 0.0009832 0.0002678 0.0006026 0.0001004 0.0008929 0.0001006 0.0001357 0.0001051 0.0007521 0.0001338 0.0001673 0.0002343 0.0002008 0.0002343 0.0005020 0.0002008 0.0001004 0.0001345 0.0001007 0.0001772 0.0002008 0.0000670 0.0003012 0.0001339 0.0001006 0.0002074 0.0000669 0.0000669 0.0001700 0.0001340 0.0001006 0.2099222 0.2100966 0.2096451 0.2101155 0.2092038 0.2104279 0.0887660 0.0001339 0.0001343 0.0001338 0.0001344 0.0001338 0.0001338 0.0002344 0.0002009 0.0001340 0.0001339 0.1199290 0.0001674 0.0001674 0.0001338 0.0001674 0.0001339 0.0001339 0.0001004 0.0000670 0.0001673 0.0000669 0.0003680 0.0001673 0.0003012 0.0002342 0.0002008 0.0001004 0.0003012 0.0003013 0.0000670 0.0003016 0.0001343 0.0001340 0.0002011 0.0002346 0.1212541 0.0001004 0.0003358 0.0002014 0.0002686 0.0001007 0.0003022 0.0001005 0.0000670 0.0011340 0.0003361 0.0001743 0.0002033 0.0003012 0.0003346 0.0007707 0.0007029 0.0002681 0.0004086 0.0003686 0.0002007 0.0001338 0.0002687 0.0002011 0.0001340 0.0002346 0.0002346 0.0002346 0.0003368 0.0001340 0.0001674 0.0002351 0.0002678 0.0002010 0.0002678 0.0003685 0.0004018 0.0003016 0.0003694 0.0003349 0.0005019 0.0003023 0.0002351 0.0003765 
BetaCoV_Wuhan_IVDC_HB_05_2019_EPI_ISL_402121             0.0000669 0.0001338 0.0000000 0.0001673 0.0000669 0.0000669 0.0001341 0.0001340 0.0000670 0.0001340 0.0409756 0.0001005 0.0001004 0.0000669 0.0001004 0.0002677 0.0001676 0.0001676 0.0001005 0.0001005 0.0001005 0.0000670 0.0000670 0.0001341 0.0000670 0.0000670 0.0001673 0.0002342 0.0001676 0.0002008 0.0003012 0.0001339 0.0002008 0.0001007 0.0001341 0.0001341 0.0001005 0.0001007 0.0000670 0.0009726 0.0001673 0.0001338 0.0003681 0.0001340 0.0001342 0.0000669 0.0000669 0.0001339 0.0019304 0.0000670 0.0001674 0.0001673 0.0001679 0.0000670 0.0001005 0.0002011 0.0002346 0.0000674 0.0001340 0.0002012 0.0001673 0.0000670 0.0001343 0.0002011 0.0002679 0.0001675 0.0001005 0.0001005 0.0001673 0.0001673 0.0001339 0.0001674 0.0001005 0.0002342 0.0001673 0.0001004 0.0003013 0.0009833 0.0002678 0.0006026 0.0001004 0.0008929 0.0001006 0.0001357 0.0001401 0.0007917 0.0001338 0.0001673 0.0002343 0.0002008 0.0002343 0.0005020 0.0002008 0.0001004 0.0001345 0.0001007 0.0001772 0.0002008 0.0000670 0.0003012 0.0001339 0.0001006 0.0002074 0.0000669 0.0000669 0.0001700 0.0001340 0.0001006 0.2097741 0.2099484 0.2094971 0.2099673 0.2090560 0.2102662 0.0886462 0.0001339 0.0001343 0.0001338 0.0001344 0.0001338 0.0001338 0.0002344 0.0002009 0.0001340 0.0001339 0.1198351 0.0001674 0.0001674 0.0001338 0.0001674 0.0001339 0.0001339 0.0001004 0.0000670 0.0001673 0.0000669 0.0003681 0.0001673 0.0003012 0.0002342 0.0002008 0.0001004 0.0003012 0.0003013 0.0000670 0.0003016 0.0001343 0.0001340 0.0002011 0.0002346 0.1211436 0.0001004 0.0003358 0.0002014 0.0002686 0.0001007 0.0003022 0.0001005 0.0000670 0.0011341 0.0003361 0.0001743 0.0002033 0.0003012 0.0002677 0.0006694 0.0006025 0.0002681 0.0004086 0.0003686 0.0002008 0.0001338 0.0002687 0.0002011 0.0001340 0.0002346 0.0002346 0.0002346 0.0003368 0.0001341 0.0001674 0.0002351 0.0002679 0.0002010 0.0002678 0.0003685 0.0004018 0.0003016 0.0003694 0.0003349 0.0005020 0.0003023 0.0002351 0.0003765 
BetaCoV_Wuhan_IPBCAMS_WH_01_2019_EPI_ISL_402123          0.0001004 0.0001673 0.0001673 0.0000000 0.0001004 0.0001003 0.0001677 0.0001675 0.0001005 0.0001675 0.0410150 0.0001340 0.0001339 0.0001004 0.0001338 0.0003012 0.0002011 0.0002011 0.0001340 0.0001340 0.0001340 0.0001005 0.0001005 0.0001676 0.0001005 0.0001004 0.0002008 0.0002677 0.0002011 0.0002343 0.0003347 0.0001673 0.0002343 0.0001342 0.0001676 0.0001676 0.0001341 0.0001342 0.0001005 0.0010062 0.0002008 0.0001673 0.0004016 0.0001675 0.0001678 0.0001004 0.0001004 0.0001674 0.0019305 0.0001004 0.0002009 0.0002008 0.0002015 0.0001006 0.0001340 0.0002346 0.0002682 0.0001011 0.0001675 0.0002348 0.0002008 0.0001006 0.0001679 0.0002347 0.0003014 0.0002010 0.0001340 0.0001340 0.0002008 0.0002008 0.0001673 0.0002009 0.0001340 0.0002677 0.0002008 0.0001339 0.0003348 0.0010173 0.0003013 0.0006361 0.0001339 0.0009273 0.0001342 0.0001697 0.0001752 0.0008314 0.0001673 0.0002008 0.0002678 0.0002343 0.0002678 0.0005355 0.0002343 0.0001339 0.0001681 0.0001343 0.0002127 0.0002343 0.0001005 0.0003347 0.0001674 0.0001342 0.0002419 0.0001004 0.0001004 0.0002040 0.0001676 0.0001341 0.2100116 0.2101860 0.2097342 0.2102049 0.2092929 0.2105255 0.0887121 0.0001674 0.0001679 0.0001673 0.0001680 0.0001673 0.0001673 0.0002679 0.0002344 0.0001676 0.0001674 0.1199904 0.0002009 0.0002009 0.0001673 0.0002009 0.0001674 0.0001674 0.0001339 0.0001005 0.0002008 0.0001004 0.0004015 0.0002008 0.0003347 0.0002677 0.0002343 0.0001339 0.0003347 0.0003348 0.0001004 0.0003351 0.0001678 0.0001676 0.0002346 0.0002681 0.1213265 0.0001339 0.0003694 0.0002350 0.0003022 0.0001343 0.0003358 0.0001340 0.0001005 0.0011685 0.0003698 0.0002091 0.0002372 0.0003347 0.0003681 0.0009051 0.0007374 0.0003016 0.0004427 0.0004022 0.0002342 0.0001672 0.0003023 0.0002346 0.0001675 0.0002681 0.0002681 0.0002682 0.0003705 0.0001675 0.0002009 0.0002687 0.0003013 0.0002345 0.0003013 0.0004020 0.0004353 0.0003351 0.0004030 0.0003684 0.0005353 0.0003358 0.0002687 0.0004107 
BetaCoV_Wuhan_WIV04_2019_EPI_ISL_402124                  0.0000010 0.0000669 0.0000669 0.0001004 0.0000000 0.0000010 0.0000671 0.0000670 0.0000010 0.0000670 0.0408982 0.0000335 0.0000335 0.0000010 0.0000335 0.0002008 0.0001005 0.0001005 0.0000335 0.0000335 0.0000335 0.0000010 0.0000010 0.0000670 0.0000010 0.0000010 0.0001004 0.0001673 0.0001005 0.0001339 0.0002343 0.0000669 0.0001339 0.0000335 0.0000670 0.0000670 0.0000335 0.0000336 0.0000010 0.0009054 0.0001004 0.0000669 0.0003012 0.0000670 0.0000671 0.0000010 0.0000010 0.0000670 0.0018257 0.0000010 0.0001004 0.0001004 0.0001007 0.0000010 0.0000335 0.0001341 0.0001676 0.0000010 0.0000670 0.0001342 0.0001004 0.0000010 0.0000672 0.0001341 0.0002009 0.0001005 0.0000335 0.0000335 0.0001004 0.0001004 0.0000669 0.0001005 0.0000335 0.0001673 0.0001004 0.0000335 0.0002343 0.0009153 0.0002009 0.0005356 0.0000335 0.0008241 0.0000335 0.0000679 0.0000701 0.0007124 0.0000669 0.0001004 0.0001674 0.0001339 0.0001674 0.0004351 0.0001339 0.0000335 0.0000673 0.0000336 0.0001063 0.0001339 0.0000010 0.0002343 0.0000670 0.0000335 0.0001382 0.0000010 0.0000010 0.0001020 0.0000670 0.0000335 0.2098075 0.2099819 0.2095304 0.2100007 0.2090893 0.2103027 0.0886463 0.0000670 0.0000672 0.0000669 0.0000672 0.0000669 0.0000669 0.0001674 0.0001339 0.0000670 0.0000670 0.1198351 0.0001004 0.0001004 0.0000669 0.0001004 0.0000670 0.0000669 0.0000335 0.0000010 0.0001004 0.0000010 0.0003012 0.0001004 0.0002343 0.0001673 0.0001339 0.0000335 0.0002343 0.0002344 0.0000010 0.0002345 0.0000671 0.0000670 0.0001341 0.0001675 0.1211436 0.0000335 0.0002686 0.0001343 0.0002014 0.0000336 0.0002350 0.0000335 0.0000010 0.0010652 0.0002689 0.0001046 0.0001356 0.0002342 0.0002008 0.0006024 0.0005356 0.0002010 0.0003405 0.0003016 0.0001338 0.0000669 0.0002015 0.0001340 0.0000670 0.0001676 0.0001676 0.0001676 0.0002694 0.0000670 0.0001004 0.0001679 0.0002009 0.0001340 0.0002009 0.0003015 0.0003348 0.0002346 0.0003022 0.0002679 0.0004350 0.0002351 0.0001679 0.0003080 
BetaCoV_Wuhan_Hu_1_2019_EPI_ISL_402125                   0.0000010 0.0000669 0.0000669 0.0001003 0.0000010 0.0000000 0.0000671 0.0000670 0.0000010 0.0000670 0.0408982 0.0000335 0.0000335 0.0000010 0.0000334 0.0002008 0.0001005 0.0001005 0.0000335 0.0000335 0.0000335 0.0000010 0.0000010 0.0000670 0.0000010 0.0000010 0.0001004 0.0001673 0.0001005 0.0001339 0.0002343 0.0000669 0.0001339 0.0000335 0.0000670 0.0000670 0.0000335 0.0000336 0.0000010 0.0009054 0.0001004 0.0000669 0.0003012 0.0000670 0.0000671 0.0000010 0.0000010 0.0000670 0.0018257 0.0000010 0.0001004 0.0001004 0.0001007 0.0000010 0.0000335 0.0001341 0.0001676 0.0000010 0.0000670 0.0001342 0.0001004 0.0000010 0.0000672 0.0001341 0.0002009 0.0001005 0.0000335 0.0000335 0.0001004 0.0001004 0.0000669 0.0001005 0.0000335 0.0001673 0.0001004 0.0000335 0.0002343 0.0009153 0.0002009 0.0005356 0.0000335 0.0008241 0.0000335 0.0000679 0.0000701 0.0007124 0.0000669 0.0001004 0.0001674 0.0001339 0.0001674 0.0004351 0.0001339 0.0000335 0.0000673 0.0000336 0.0001063 0.0001339 0.0000010 0.0002343 0.0000670 0.0000335 0.0001382 0.0000010 0.0000010 0.0001020 0.0000670 0.0000335 0.2098075 0.2099819 0.2095304 0.2100007 0.2090893 0.2103027 0.0886463 0.0000670 0.0000672 0.0000669 0.0000672 0.0000669 0.0000669 0.0001674 0.0001339 0.0000670 0.0000670 0.1198351 0.0001004 0.0001004 0.0000669 0.0001004 0.0000670 0.0000669 0.0000335 0.0000010 0.0001004 0.0000010 0.0003010 0.0001004 0.0002343 0.0001673 0.0001339 0.0000335 0.0002343 0.0002344 0.0000010 0.0002345 0.0000671 0.0000670 0.0001341 0.0001675 0.1211436 0.0000335 0.0002686 0.0001343 0.0002014 0.0000336 0.0002350 0.0000335 0.0000010 0.0010652 0.0002689 0.0001046 0.0001356 0.0002342 0.0002677 0.0008043 0.0006359 0.0002010 0.0003405 0.0003016 0.0001338 0.0000669 0.0002015 0.0001340 0.0000670 0.0001676 0.0001676 0.0001676 0.0002694 0.0000670 0.0001004 0.0001679 0.0002008 0.0001340 0.0002009 0.0003015 0.0003348 0.0002346 0.0003022 0.0002679 0.0004349 0.0002351 0.0001679 0.0003080 
BetaCoV_Wuhan_WIV02_2019_EPI_ISL_402127                  0.0000671 0.0001341 0.0001341 0.0001677 0.0000671 0.0000671 0.0000000 0.0001341 0.0000671 0.0001341 0.0410070 0.0001006 0.0001006 0.0000671 0.0001006 0.0002683 0.0001677 0.0001677 0.0001006 0.0001006 0.0001006 0.0000671 0.0000671 0.0001006 0.0000671 0.0000671 0.0001677 0.0002347 0.0001677 0.0001677 0.0003018 0.0001341 0.0002012 0.0001007 0.0001341 0.0001341 0.0001006 0.0001007 0.0000671 0.0009746 0.0001677 0.0001341 0.0003689 0.0001341 0.0001343 0.0000671 0.0000671 0.0001341 0.0018781 0.0000671 0.0001341 0.0001677 0.0001679 0.0000671 0.0001006 0.0002013 0.0002349 0.0000674 0.0001342 0.0002013 0.0001677 0.0000671 0.0001343 0.0002012 0.0002683 0.0001341 0.0001006 0.0001006 0.0001677 0.0001677 0.0001341 0.0001677 0.0001006 0.0002347 0.0001677 0.0001006 0.0003018 0.0009504 0.0002683 0.0005368 0.0001006 0.0008601 0.0001007 0.0001357 0.0001402 0.0007917 0.0001006 0.0001677 0.0002347 0.0002012 0.0002347 0.0002347 0.0002012 0.0001006 0.0001345 0.0001007 0.0001772 0.0002012 0.0000671 0.0003018 0.0001341 0.0001007 0.0002075 0.0000671 0.0000671 0.0001700 0.0001342 0.0001006 0.2093020 0.2094764 0.2090255 0.2094952 0.2092343 0.2104218 0.0887732 0.0001341 0.0001343 0.0001341 0.0001344 0.0001341 0.0001341 0.0002347 0.0002012 0.0001342 0.0001341 0.1199369 0.0001677 0.0001677 0.0001341 0.0001677 0.0001341 0.0001341 0.0001006 0.0000671 0.0001341 0.0000671 0.0003689 0.0001677 0.0003018 0.0002347 0.0002012 0.0000335 0.0003018 0.0001006 0.0000671 0.0002683 0.0001343 0.0001341 0.0002013 0.0002347 0.1212635 0.0001006 0.0003025 0.0002016 0.0002689 0.0000672 0.0002689 0.0000335 0.0000671 0.0010652 0.0003361 0.0001743 0.0002033 0.0001341 0.0002012 0.0001006 0.0001341 0.0002683 0.0004087 0.0003354 0.0002012 0.0001341 0.0002687 0.0002012 0.0001341 0.0002347 0.0002347 0.0002348 0.0003368 0.0001342 0.0001677 0.0002351 0.0002683 0.0002012 0.0002683 0.0003690 0.0004025 0.0003020 0.0003694 0.0003354 0.0003354 0.0003023 0.0002351 0.0003765 
BetaCoV_Wuhan_WIV05_2019_EPI_ISL_402128                  0.0000670 0.0001340 0.0001340 0.0001675 0.0000670 0.0000670 0.0001341 0.0000000 0.0000670 0.0001340 0.0410086 0.0001005 0.0001005 0.0000670 0.0001005 0.0002680 0.0001676 0.0001676 0.0001005 0.0001005 0.0001005 0.0000670 0.0000670 0.0001341 0.0000670 0.0000670 0.0001675 0.0002345 0.0001676 0.0001675 0.0003015 0.0001340 0.0002010 0.0001007 0.0001341 0.0001341 0.0001005 0.0001007 0.0000670 0.0009737 0.0001675 0.0001340 0.0003686 0.0001340 0.0001342 0.0000670 0.0000670 0.0001341 0.0019304 0.0000670 0.0001675 0.0001676 0.0001679 0.0000671 0.0001006 0.0002012 0.0002347 0.0000674 0.0001341 0.0002012 0.0001675 0.0000670 0.0001343 0.0002012 0.0002680 0.0001676 0.0001006 0.0001006 0.0001675 0.0001675 0.0001340 0.0001675 0.0001005 0.0002345 0.0001675 0.0001005 0.0003015 0.0009160 0.0002681 0.0005363 0.0001005 0.0008592 0.0001007 0.0001357 0.0001401 0.0007917 0.0001340 0.0001675 0.0002345 0.0002010 0.0002345 0.0003686 0.0002010 0.0001005 0.0001345 0.0001007 0.0001772 0.0002010 0.0000671 0.0003015 0.0001340 0.0001006 0.0002074 0.0000670 0.0000670 0.0001700 0.0001341 0.0001006 0.2096414 0.2098157 0.2093645 0.2098345 0.2092214 0.2103748 0.0887732 0.0001340 0.0001343 0.0001340 0.0001344 0.0001340 0.0001340 0.0002345 0.0002010 0.0001341 0.0001340 0.1199369 0.0001675 0.0001675 0.0001340 0.0001675 0.0001340 0.0001340 0.0001005 0.0000670 0.0001340 0.0000670 0.0003686 0.0001675 0.0003015 0.0002345 0.0002010 0.0001005 0.0003015 0.0001005 0.0000670 0.0003016 0.0001343 0.0001341 0.0002012 0.0002346 0.1212635 0.0001005 0.0003024 0.0002016 0.0002688 0.0000672 0.0002688 0.0001005 0.0000670 0.0011341 0.0003361 0.0001743 0.0002033 0.0001340 0.0002010 0.0002010 0.0001340 0.0002681 0.0004086 0.0003686 0.0002010 0.0001340 0.0002687 0.0002011 0.0001340 0.0002346 0.0002346 0.0002346 0.0003368 0.0001342 0.0001676 0.0002351 0.0002681 0.0002010 0.0002680 0.0003687 0.0004021 0.0003017 0.0003694 0.0003351 0.0003686 0.0003023 0.0002351 0.0003765 
BetaCoV_Wuhan_WIV06_2019_EPI_ISL_402129                  0.0000010 0.0000670 0.0000670 0.0001005 0.0000010 0.0000010 0.0000671 0.0000670 0.0000000 0.0000670 0.0409259 0.0000335 0.0000335 0.0000010 0.0000335 0.0002010 0.0001005 0.0001005 0.0000335 0.0000335 0.0000335 0.0000010 0.0000010 0.0000670 0.0000010 0.0000010 0.0001005 0.0001675 0.0001006 0.0001005 0.0002345 0.0000670 0.0001340 0.0000335 0.0000670 0.0000670 0.0000335 0.0000336 0.0000010 0.0009063 0.0001005 0.0000670 0.0003015 0.0000670 0.0000671 0.0000010 0.0000010 0.0000670 0.0018257 0.0000010 0.0001005 0.0001005 0.0001007 0.0000010 0.0000335 0.0001341 0.0001676 0.0000010 0.0000670 0.0001342 0.0001005 0.0000010 0.0000672 0.0001341 0.0002010 0.0001005 0.0000335 0.0000335 0.0001005 0.0001005 0.0000670 0.0001005 0.0000335 0.0001675 0.0001005 0.0000335 0.0002345 0.0009159 0.0002010 0.0004692 0.0000335 0.0007904 0.0000336 0.0000679 0.0000701 0.0007124 0.0000670 0.0001005 0.0001675 0.0001340 0.0001675 0.0003686 0.0001340 0.0000335 0.0000673 0.0000336 0.0001063 0.0001340 0.0000010 0.0002345 0.0000670 0.0000335 0.0001383 0.0000010 0.0000010 0.0001020 0.0000670 0.0000335 0.2093708 0.2095451 0.2090943 0.2095639 0.2090893 0.2103027 0.0886463 0.0000670 0.0000672 0.0000670 0.0000672 0.0000670 0.0000670 0.0001675 0.0001340 0.0000670 0.0000670 0.1198351 0.0001005 0.0001005 0.0000670 0.0001005 0.0000670 0.0000670 0.0000335 0.0000010 0.0000670 0.0000010 0.0003015 0.0001005 0.0002345 0.0001675 0.0001340 0.0000335 0.0002345 0.0000335 0.0000010 0.0002346 0.0000671 0.0000670 0.0001341 0.0001676 0.1211436 0.0000335 0.0002352 0.0001344 0.0002016 0.0000010 0.0002016 0.0000335 0.0000010 0.0010652 0.0002689 0.0001046 0.0001356 0.0000670 0.0001340 0.0001340 0.0000670 0.0002010 0.0003405 0.0003016 0.0001340 0.0000670 0.0002015 0.0001340 0.0000670 0.0001676 0.0001676 0.0001676 0.0002694 0.0000671 0.0001005 0.0001679 0.0002011 0.0001340 0.0002010 0.0003016 0.0003350 0.0002347 0.0003022 0.0002680 0.0003686 0.0002351 0.0001679 0.0003080 
BetaCoV_Wuhan_WIV07_2019_EPI_ISL_402130                  0.0000670 0.0001340 0.0001340 0.0001675 0.0000670 0.0000670 0.0001341 0.0001340 0.0000670 0.0000000 0.0410021 0.0001005 0.0001005 0.0000670 0.0001005 0.0002680 0.0001676 0.0001676 0.0001005 0.0001005 0.0001005 0.0000670 0.0000670 0.0001341 0.0000670 0.0000670 0.0001675 0.0002345 0.0001676 0.0001675 0.0003015 0.0001340 0.0002010 0.0001007 0.0001341 0.0001341 0.0001005 0.0001007 0.0000670 0.0009736 0.0001675 0.0001340 0.0003685 0.0001340 0.0001342 0.0000670 0.0000670 0.0001340 0.0019306 0.0000670 0.0001675 0.0001675 0.0001679 0.0000671 0.0001006 0.0002012 0.0002347 0.0000674 0.0001341 0.0002012 0.0001675 0.0000670 0.0001343 0.0002011 0.0002680 0.0001676 0.0001006 0.0001006 0.0001675 0.0001675 0.0001340 0.0001675 0.0001005 0.0002345 0.0001675 0.0001005 0.0003015 0.0009839 0.0002680 0.0005362 0.0001005 0.0008592 0.0001007 0.0001357 0.0001401 0.0007918 0.0001340 0.0001675 0.0002345 0.0002010 0.0002345 0.0005026 0.0002010 0.0001005 0.0001345 0.0001007 0.0001418 0.0002010 0.0000670 0.0003015 0.0001340 0.0001006 0.0002074 0.0000670 0.0000670 0.0001700 0.0001341 0.0001006 0.2095888 0.2097632 0.2093120 0.2097820 0.2092313 0.2104581 0.0887062 0.0001340 0.0001343 0.0001340 0.0001344 0.0001340 0.0001340 0.0002345 0.0002010 0.0001341 0.0001340 0.1199426 0.0001675 0.0001675 0.0001340 0.0001675 0.0001340 0.0001340 0.0001005 0.0000670 0.0001340 0.0000670 0.0003685 0.0001675 0.0003015 0.0002345 0.0002010 0.0001005 0.0003015 0.0001005 0.0000670 0.0003016 0.0001343 0.0001340 0.0002012 0.0002346 0.1211988 0.0001005 0.0003360 0.0002016 0.0002688 0.0001008 0.0002688 0.0001005 0.0000670 0.0011341 0.0003361 0.0001743 0.0002033 0.0001340 0.0002010 0.0002010 0.0001340 0.0002681 0.0004086 0.0003686 0.0002010 0.0001340 0.0002687 0.0002011 0.0001340 0.0002346 0.0002346 0.0002346 0.0003368 0.0001341 0.0001675 0.0002351 0.0002681 0.0002010 0.0002680 0.0003687 0.0004020 0.0003018 0.0003694 0.0003350 0.0004690 0.0003023 0.0002351 0.0003765 
BetaCoV_bat_Yunnan_RaTG13_2013_EPI_ISL_402131            0.0408982 0.0409737 0.0409756 0.0410150 0.0408982 0.0408982 0.0410070 0.0410086 0.0409259 0.0410021 0.0000000 0.0409765 0.0409484 0.0408982 0.0409354 0.0411369 0.0408299 0.0408299 0.0409447 0.0409800 0.0409800 0.0409371 0.0409227 0.0409845 0.0408841 0.0408091 0.0407957 0.0408610 0.0407991 0.0410703 0.0409528 0.0409861 0.0408373 0.0409918 0.0409850 0.0409850 0.0408721 0.0409239 0.0409094 0.0418128 0.0407860 0.0409737 0.0410600 0.0410144 0.0410357 0.0409080 0.0409080 0.0409586 0.0397124 0.0408721 0.0408646 0.0409546 0.0409527 0.0409698 0.0409971 0.0409248 0.0409620 0.0406163 0.0409509 0.0409437 0.0407957 0.0409142 0.0408381 0.0409186 0.0409268 0.0408506 0.0410004 0.0410000 0.0410232 0.0410232 0.0409835 0.0410483 0.0409713 0.0408615 0.0408648 0.0409398 0.0411759 0.0418612 0.0409047 0.0411146 0.0409369 0.0418903 0.0409481 0.0411020 0.0410917 0.0422154 0.0409406 0.0410214 0.0408725 0.0408347 0.0408763 0.0411871 0.0410693 0.0408378 0.0409724 0.0409550 0.0412756 0.0409900 0.0408661 0.0409522 0.0409992 0.0409480 0.0413288 0.0409092 0.0409092 0.0412374 0.0409627 0.0410025 0.2132447 0.2134222 0.2129265 0.2136255 0.2128478 0.2151533 0.0909303 0.0410091 0.0409932 0.0409776 0.0409878 0.0409026 0.0409026 0.0409623 0.0409250 0.0409488 0.0410010 0.1213421 0.0410386 0.0408092 0.0408996 0.0410362 0.0410035 0.0409961 0.0409594 0.0408805 0.0408619 0.0408982 0.0410309 0.0410115 0.0411831 0.0410206 0.0409104 0.0409467 0.0409518 0.0409568 0.0409227 0.0410207 0.0410128 0.0409849 0.0411134 0.0410519 0.1226957 0.0409457 0.0410333 0.0408760 0.0409517 0.0409147 0.0409915 0.0409759 0.0409371 0.0424483 0.0411851 0.0392746 0.0390943 0.0410924 0.0409790 0.0412104 0.0412995 0.0408961 0.0415028 0.0412160 0.0409779 0.0409814 0.0410729 0.0409423 0.0408620 0.0409396 0.0411392 0.0409885 0.0411647 0.0409105 0.0409880 0.0411099 0.0410332 0.0410819 0.0411492 0.0412230 0.0412290 0.0411551 0.0411822 0.0411585 0.0413722 0.0411152 0.0411118 0.0389542 
BetaCoV_Wuhan_HBCDC_HB_01_2019_EPI_ISL_402132            0.0000335 0.0001005 0.0001005 0.0001340 0.0000335 0.0000335 0.0001006 0.0001005 0.0000335 0.0001005 0.0409765 0.0000000 0.0000670 0.0000335 0.0000670 0.0002346 0.0001340 0.0001340 0.0000670 0.0000670 0.0000670 0.0000335 0.0000335 0.0001005 0.0000335 0.0000335 0.0001340 0.0002010 0.0001341 0.0001340 0.0002681 0.0001005 0.0001675 0.0000671 0.0001006 0.0001006 0.0000670 0.0000671 0.0000335 0.0009401 0.0001340 0.0001005 0.0003351 0.0001005 0.0001006 0.0000335 0.0000335 0.0001006 0.0018781 0.0000335 0.0001340 0.0001341 0.0001343 0.0000335 0.0000670 0.0001676 0.0002012 0.0000010 0.0001006 0.0001677 0.0001340 0.0000335 0.0001007 0.0001677 0.0002346 0.0001006 0.0000670 0.0000670 0.0001340 0.0001340 0.0001005 0.0001340 0.0000670 0.0002010 0.0001340 0.0000670 0.0002681 0.0009162 0.0002346 0.0005028 0.0000670 0.0008249 0.0000672 0.0001018 0.0001051 0.0007521 0.0001005 0.0001340 0.0002010 0.0001675 0.0002010 0.0002681 0.0001675 0.0000670 0.0001009 0.0000672 0.0001418 0.0001675 0.0000335 0.0002681 0.0001005 0.0000671 0.0001729 0.0000335 0.0000335 0.0001360 0.0001006 0.0000671 0.2096435 0.2098178 0.2093666 0.2098366 0.2091611 0.2103812 0.0886463 0.0001005 0.0001007 0.0001005 0.0001008 0.0001005 0.0001005 0.0002010 0.0001675 0.0001005 0.0001005 0.1198885 0.0001340 0.0001340 0.0001005 0.0001340 0.0001005 0.0001005 0.0000670 0.0000335 0.0001005 0.0000335 0.0003351 0.0001340 0.0002681 0.0002010 0.0001675 0.0000670 0.0002681 0.0000670 0.0000335 0.0002346 0.0001007 0.0001006 0.0001676 0.0002010 0.1212065 0.0000670 0.0002689 0.0001680 0.0002352 0.0000336 0.0002352 0.0000670 0.0000335 0.0010651 0.0003025 0.0001394 0.0001694 0.0001005 0.0001675 0.0002010 0.0001005 0.0002346 0.0003746 0.0003352 0.0001675 0.0001005 0.0002351 0.0001675 0.0001005 0.0002011 0.0002011 0.0002011 0.0003031 0.0001006 0.0001341 0.0002015 0.0002346 0.0001675 0.0002346 0.0003352 0.0003686 0.0002682 0.0003358 0.0003016 0.0003016 0.0002687 0.0002015 0.0003423 
IPBCAMS_WH_05_2020_EPI_ISL_403928                        0.0000335 0.0001004 0.0001004 0.0001339 0.0000335 0.0000335 0.0001006 0.0001005 0.0000335 0.0001005 0.0409484 0.0000670 0.0000000 0.0000335 0.0000669 0.0002343 0.0001340 0.0001340 0.0000670 0.0000670 0.0000670 0.0000335 0.0000335 0.0001005 0.0000335 0.0000335 0.0001339 0.0002008 0.0001341 0.0001674 0.0002678 0.0001004 0.0001673 0.0000671 0.0001005 0.0001005 0.0000670 0.0000671 0.0000335 0.0009392 0.0001339 0.0001004 0.0003347 0.0001005 0.0001006 0.0000335 0.0000335 0.0001005 0.0018257 0.0000335 0.0001339 0.0001339 0.0001343 0.0000335 0.0000670 0.0001676 0.0002011 0.0000337 0.0001005 0.0001677 0.0001339 0.0000335 0.0001007 0.0001676 0.0002344 0.0001340 0.0000670 0.0000670 0.0001339 0.0001339 0.0001004 0.0001340 0.0000670 0.0002008 0.0001339 0.0000669 0.0002679 0.0009496 0.0002344 0.0005692 0.0000670 0.0008243 0.0000671 0.0001018 0.0001051 0.0007521 0.0001004 0.0001339 0.0002008 0.0001674 0.0002008 0.0004687 0.0001674 0.0000669 0.0001009 0.0000672 0.0001418 0.0001673 0.0000335 0.0002678 0.0001004 0.0000671 0.0001728 0.0000335 0.0000335 0.0001360 0.0001005 0.0000671 0.2098961 0.2100705 0.2096189 0.2100894 0.2091776 0.2103995 0.0887196 0.0001005 0.0001007 0.0001004 0.0001008 0.0001004 0.0001004 0.0002009 0.0001674 0.0001005 0.0001004 0.1198965 0.0001339 0.0001339 0.0001004 0.0001339 0.0001004 0.0001004 0.0000670 0.0000335 0.0001004 0.0000335 0.0003347 0.0001339 0.0002678 0.0002008 0.0001673 0.0000669 0.0002678 0.0002678 0.0000335 0.0002681 0.0001007 0.0001005 0.0001676 0.0002010 0.1211436 0.0000669 0.0003022 0.0001679 0.0002351 0.0000672 0.0002686 0.0000670 0.0000335 0.0010997 0.0003025 0.0001394 0.0001694 0.0001673 0.0002343 0.0004352 0.0004017 0.0002345 0.0003746 0.0003351 0.0001673 0.0001004 0.0002351 0.0001675 0.0001005 0.0002011 0.0002011 0.0002011 0.0003031 0.0001006 0.0001340 0.0002015 0.0002344 0.0001675 0.0002343 0.0003350 0.0003683 0.0002681 0.0003358 0.0003014 0.0004686 0.0002687 0.0002015 0.0003423 
BetaCoV_Wuhan_IPBCAMS_WH_04_2019_EPI_ISL_403929          0.0000010 0.0000669 0.0000669 0.0001004 0.0000010 0.0000010 0.0000671 0.0000670 0.0000010 0.0000670 0.0408982 0.0000335 0.0000335 0.0000000 0.0000335 0.0002008 0.0001005 0.0001005 0.0000335 0.0000335 0.0000335 0.0000010 0.0000010 0.0000670 0.0000010 0.0000010 0.0001004 0.0001673 0.0001005 0.0001339 0.0002343 0.0000669 0.0001339 0.0000335 0.0000670 0.0000670 0.0000335 0.0000336 0.0000010 0.0009054 0.0001004 0.0000669 0.0003012 0.0000670 0.0000671 0.0000010 0.0000010 0.0000670 0.0018257 0.0000010 0.0001004 0.0001004 0.0001007 0.0000010 0.0000335 0.0001341 0.0001676 0.0000010 0.0000670 0.0001342 0.0001004 0.0000010 0.0000672 0.0001341 0.0002009 0.0001005 0.0000335 0.0000335 0.0001004 0.0001004 0.0000669 0.0001005 0.0000335 0.0001673 0.0001004 0.0000335 0.0002343 0.0009154 0.0002009 0.0005356 0.0000335 0.0008241 0.0000335 0.0000679 0.0000701 0.0007124 0.0000669 0.0001004 0.0001674 0.0001339 0.0001674 0.0004351 0.0001339 0.0000335 0.0000673 0.0000336 0.0001063 0.0001339 0.0000010 0.0002343 0.0000670 0.0000335 0.0001382 0.0000010 0.0000010 0.0001020 0.0000670 0.0000335 0.2098075 0.2099819 0.2095304 0.2100007 0.2090893 0.2103027 0.0886463 0.0000670 0.0000672 0.0000669 0.0000672 0.0000669 0.0000669 0.0001674 0.0001339 0.0000670 0.0000670 0.1198351 0.0001004 0.0001004 0.0000669 0.0001004 0.0000670 0.0000669 0.0000335 0.0000010 0.0001004 0.0000010 0.0003012 0.0001004 0.0002343 0.0001673 0.0001339 0.0000335 0.0002343 0.0002344 0.0000010 0.0002345 0.0000671 0.0000670 0.0001341 0.0001675 0.1211436 0.0000335 0.0002686 0.0001343 0.0002014 0.0000336 0.0002350 0.0000335 0.0000010 0.0010652 0.0002689 0.0001046 0.0001356 0.0002342 0.0002008 0.0005690 0.0005021 0.0002010 0.0003405 0.0003016 0.0001338 0.0000669 0.0002015 0.0001340 0.0000670 0.0001676 0.0001676 0.0001676 0.0002694 0.0000670 0.0001004 0.0001679 0.0002009 0.0001340 0.0002009 0.0003015 0.0003348 0.0002346 0.0003022 0.0002679 0.0004351 0.0002351 0.0001679 0.0003080 
BetaCoV_Wuhan_IPBCAMS_WH_03_2019_EPI_ISL_403930          0.0000335 0.0001004 0.0001004 0.0001338 0.0000335 0.0000334 0.0001006 0.0001005 0.0000335 0.0001005 0.0409354 0.0000670 0.0000669 0.0000335 0.0000000 0.0002342 0.0001340 0.0001340 0.0000670 0.0000670 0.0000670 0.0000335 0.0000335 0.0001005 0.0000335 0.0000335 0.0001339 0.0002008 0.0001341 0.0001674 0.0002678 0.0001004 0.0001673 0.0000671 0.0001005 0.0001005 0.0000670 0.0000671 0.0000335 0.0009389 0.0001338 0.0001004 0.0003346 0.0001005 0.0001006 0.0000335 0.0000335 0.0001005 0.0018780 0.0000335 0.0001339 0.0001338 0.0001343 0.0000335 0.0000670 0.0001676 0.0002011 0.0000337 0.0001005 0.0001677 0.0001339 0.0000335 0.0001007 0.0001676 0.0002344 0.0001340 0.0000670 0.0000670 0.0001339 0.0001339 0.0001004 0.0001340 0.0000670 0.0002008 0.0001339 0.0000669 0.0002678 0.0009493 0.0002343 0.0005691 0.0000669 0.0008585 0.0000671 0.0001018 0.0001051 0.0007521 0.0001004 0.0001338 0.0002008 0.0001674 0.0002008 0.0004685 0.0001674 0.0000669 0.0001009 0.0000672 0.0001418 0.0001673 0.0000335 0.0002678 0.0001004 0.0000671 0.0001728 0.0000335 0.0000335 0.0001360 0.0001005 0.0000671 0.2098616 0.2100360 0.2095845 0.2100549 0.2091434 0.2103618 0.0887045 0.0001005 0.0001007 0.0001004 0.0001008 0.0001004 0.0001004 0.0002009 0.0001674 0.0001005 0.0001004 0.1198804 0.0001339 0.0001339 0.0001004 0.0001339 0.0001004 0.0001004 0.0000670 0.0000335 0.0001338 0.0000335 0.0003345 0.0001338 0.0002677 0.0002008 0.0001673 0.0000669 0.0002678 0.0002678 0.0000335 0.0002681 0.0001007 0.0001005 0.0001676 0.0002010 0.1211436 0.0000669 0.0003022 0.0001679 0.0002350 0.0000671 0.0002686 0.0000670 0.0000335 0.0010996 0.0003025 0.0001394 0.0001694 0.0002677 0.0003011 0.0008379 0.0006694 0.0002345 0.0003746 0.0003351 0.0001673 0.0001003 0.0002351 0.0001675 0.0001005 0.0002011 0.0002011 0.0002011 0.0003031 0.0001005 0.0001339 0.0002015 0.0002343 0.0001675 0.0002343 0.0003350 0.0003683 0.0002681 0.0003358 0.0003014 0.0004684 0.0002687 0.0002015 0.0003423 
BetaCoV_Wuhan_IPBCAMS_WH_02_2019_EPI_ISL_403931          0.0002008 0.0002677 0.0002677 0.0003012 0.0002008 0.0002008 0.0002683 0.0002680 0.0002010 0.0002680 0.0411369 0.0002346 0.0002343 0.0002008 0.0002342 0.0000000 0.0003016 0.0003016 0.0002346 0.0002346 0.0002346 0.0002010 0.0002010 0.0002682 0.0002010 0.0002009 0.0003012 0.0003681 0.0003017 0.0003348 0.0004352 0.0002678 0.0003347 0.0002349 0.0002682 0.0002682 0.0002346 0.0002349 0.0002011 0.0011072 0.0003012 0.0002677 0.0005020 0.0002680 0.0002684 0.0002008 0.0002008 0.0002679 0.0021404 0.0002009 0.0003013 0.0003013 0.0003023 0.0002011 0.0002346 0.0003352 0.0003687 0.0002022 0.0002681 0.0003354 0.0003012 0.0002011 0.0002687 0.0003353 0.0004019 0.0003015 0.0002346 0.0002346 0.0003012 0.0003012 0.0002678 0.0003014 0.0002345 0.0003681 0.0003012 0.0002343 0.0004352 0.0011194 0.0004018 0.0007366 0.0002344 0.0008241 0.0002348 0.0000679 0.0000701 0.0007124 0.0002677 0.0003012 0.0003683 0.0003348 0.0003683 0.0006360 0.0003348 0.0002343 0.0002690 0.0002351 0.0002127 0.0003347 0.0002010 0.0004352 0.0002679 0.0002348 0.0003111 0.0002008 0.0002008 0.0001020 0.0002681 0.0002347 0.2101276 0.2103021 0.2098501 0.2103210 0.2094085 0.2106523 0.0890438 0.0002679 0.0002686 0.0002677 0.0002689 0.0002677 0.0002677 0.0003684 0.0003349 0.0002681 0.0002678 0.1198860 0.0003014 0.0003014 0.0002677 0.0003013 0.0002679 0.0002678 0.0002344 0.0002010 0.0003012 0.0002008 0.0005020 0.0003012 0.0004351 0.0003681 0.0003347 0.0002343 0.0004352 0.0004353 0.0002009 0.0004356 0.0002686 0.0002681 0.0003352 0.0003686 0.1212035 0.0002343 0.0004701 0.0003358 0.0004029 0.0002350 0.0004365 0.0002346 0.0002010 0.0010652 0.0004706 0.0001046 0.0003389 0.0004351 0.0004016 0.0007374 0.0006696 0.0004021 0.0005449 0.0005027 0.0003347 0.0002677 0.0004030 0.0003351 0.0002681 0.0003687 0.0003687 0.0003687 0.0002694 0.0002681 0.0003014 0.0003694 0.0004019 0.0003350 0.0004018 0.0005026 0.0005358 0.0004357 0.0005037 0.0004689 0.0006360 0.0004366 0.0003694 0.0005134 
BetaCoV_Guangdong_20SF012_2020_EPI_ISL_403932            0.0001005 0.0001676 0.0001676 0.0002011 0.0001005 0.0001005 0.0001677 0.0001676 0.0001005 0.0001676 0.0408299 0.0001340 0.0001340 0.0001005 0.0001340 0.0003016 0.0000000 0.0000010 0.0001340 0.0001340 0.0001340 0.0001005 0.0001005 0.0001676 0.0001006 0.0000335 0.0000670 0.0000670 0.0000010 0.0002011 0.0002011 0.0001676 0.0000335 0.0001342 0.0001676 0.0001676 0.0001341 0.0001342 0.0001006 0.0008730 0.0000010 0.0001676 0.0004022 0.0001676 0.0001678 0.0001005 0.0001005 0.0001676 0.0019826 0.0001006 0.0000670 0.0002011 0.0002015 0.0001006 0.0001341 0.0001006 0.0001341 0.0001011 0.0001677 0.0001006 0.0000670 0.0001006 0.0000336 0.0001006 0.0001676 0.0000335 0.0001341 0.0001341 0.0002011 0.0002011 0.0001676 0.0002011 0.0001340 0.0001340 0.0000670 0.0001340 0.0003352 0.0008483 0.0001676 0.0004358 0.0001341 0.0007218 0.0001343 0.0000339 0.0001402 0.0007917 0.0001676 0.0002011 0.0000670 0.0000335 0.0000670 0.0001676 0.0002346 0.0001341 0.0001681 0.0001343 0.0002127 0.0002346 0.0001006 0.0002011 0.0001676 0.0001342 0.0002421 0.0001005 0.0001005 0.0000680 0.0001676 0.0001341 0.2094186 0.2095929 0.2091419 0.2096117 0.2089366 0.2101984 0.0884765 0.0001676 0.0001679 0.0001676 0.0001680 0.0001676 0.0001676 0.0001340 0.0001005 0.0001676 0.0001676 0.1196975 0.0002011 0.0000670 0.0001676 0.0002011 0.0001676 0.0001676 0.0001340 0.0001006 0.0000335 0.0001005 0.0004022 0.0002011 0.0003351 0.0002681 0.0001005 0.0001340 0.0001340 0.0001340 0.0001005 0.0001676 0.0001678 0.0001676 0.0002347 0.0002681 0.1209819 0.0001340 0.0002017 0.0001008 0.0001680 0.0001008 0.0001680 0.0001340 0.0001005 0.0011686 0.0003698 0.0001743 0.0002372 0.0001676 0.0002346 0.0002681 0.0001676 0.0001676 0.0004427 0.0004023 0.0002346 0.0001676 0.0003023 0.0001005 0.0000335 0.0001341 0.0002682 0.0001341 0.0002358 0.0001678 0.0002011 0.0002687 0.0002347 0.0002346 0.0003016 0.0004023 0.0004357 0.0003353 0.0004030 0.0003687 0.0003687 0.0003358 0.0002687 0.0004107 
BetaCoV_Guangdong_20SF013_2020_EPI_ISL_403933            0.0001005 0.0001676 0.0001676 0.0002011 0.0001005 0.0001005 0.0001677 0.0001676 0.0001005 0.0001676 0.0408299 0.0001340 0.0001340 0.0001005 0.0001340 0.0003016 0.0000010 0.0000000 0.0001340 0.0001340 0.0001340 0.0001005 0.0001005 0.0001676 0.0001006 0.0000335 0.0000670 0.0000670 0.0000010 0.0002011 0.0002011 0.0001676 0.0000335 0.0001342 0.0001676 0.0001676 0.0001341 0.0001342 0.0001006 0.0008730 0.0000010 0.0001676 0.0004022 0.0001676 0.0001678 0.0001005 0.0001005 0.0001676 0.0019826 0.0001006 0.0000670 0.0002011 0.0002015 0.0001006 0.0001341 0.0001006 0.0001341 0.0001011 0.0001677 0.0001006 0.0000670 0.0001006 0.0000336 0.0001006 0.0001676 0.0000335 0.0001341 0.0001341 0.0002011 0.0002011 0.0001676 0.0002011 0.0001340 0.0001340 0.0000670 0.0001340 0.0003352 0.0008483 0.0001676 0.0004358 0.0001341 0.0007218 0.0001343 0.0000339 0.0001402 0.0007917 0.0001676 0.0002011 0.0000670 0.0000335 0.0000670 0.0001676 0.0002346 0.0001341 0.0001681 0.0001343 0.0002127 0.0002346 0.0001006 0.0002011 0.0001676 0.0001342 0.0002421 0.0001005 0.0001005 0.0000680 0.0001676 0.0001341 0.2094186 0.2095929 0.2091419 0.2096117 0.2089366 0.2101984 0.0884765 0.0001676 0.0001679 0.0001676 0.0001680 0.0001676 0.0001676 0.0001340 0.0001005 0.0001676 0.0001676 0.1196975 0.0002011 0.0000670 0.0001676 0.0002011 0.0001676 0.0001676 0.0001340 0.0001006 0.0000335 0.0001005 0.0004022 0.0002011 0.0003351 0.0002681 0.0001005 0.0001340 0.0001340 0.0001340 0.0001005 0.0001676 0.0001678 0.0001676 0.0002347 0.0002681 0.1209819 0.0001340 0.0002017 0.0001008 0.0001680 0.0001008 0.0001680 0.0001340 0.0001005 0.0011686 0.0003698 0.0001743 0.0002372 0.0001676 0.0002346 0.0002681 0.0001676 0.0001676 0.0004427 0.0004023 0.0002346 0.0001676 0.0003023 0.0001005 0.0000335 0.0001341 0.0002682 0.0001341 0.0002358 0.0001678 0.0002011 0.0002687 0.0002347 0.0002346 0.0003016 0.0004023 0.0004357 0.0003353 0.0004030 0.0003687 0.0003687 0.0003358 0.0002687 0.0004107 
BetaCoV_Guangdong_20SF014_2020_EPI_ISL_403934            0.0000335 0.0001005 0.0001005 0.0001340 0.0000335 0.0000335 0.0001006 0.0001005 0.0000335 0.0001005 0.0409447 0.0000670 0.0000670 0.0000335 0.0000670 0.0002346 0.0001340 0.0001340 0.0000000 0.0000670 0.0000670 0.0000335 0.0000335 0.0001006 0.0000335 0.0000335 0.0001340 0.0002011 0.0001341 0.0001340 0.0002681 0.0001005 0.0001676 0.0000671 0.0001006 0.0001006 0.0000670 0.0000671 0.0000335 0.0009402 0.0001340 0.0001005 0.0002681 0.0001005 0.0001006 0.0000335 0.0000335 0.0001006 0.0018780 0.0000335 0.0001341 0.0001341 0.0001343 0.0000335 0.0000670 0.0001676 0.0002012 0.0000337 0.0001006 0.0001677 0.0001340 0.0000335 0.0001007 0.0001677 0.0002346 0.0001006 0.0000670 0.0000670 0.0001340 0.0001340 0.0001005 0.0001340 0.0000670 0.0002011 0.0001340 0.0000670 0.0002681 0.0009162 0.0002346 0.0005029 0.0000670 0.0008250 0.0000672 0.0001018 0.0001051 0.0007521 0.0001005 0.0001340 0.0002011 0.0001676 0.0002011 0.0002346 0.0001676 0.0000670 0.0001009 0.0000672 0.0001418 0.0001676 0.0000335 0.0002681 0.0001005 0.0000671 0.0001729 0.0000335 0.0000335 0.0001360 0.0001006 0.0000671 0.2095268 0.2097012 0.2092501 0.2097200 0.2090447 0.2102539 0.0886605 0.0001005 0.0001007 0.0001005 0.0001008 0.0001005 0.0001005 0.0002011 0.0001676 0.0001005 0.0001005 0.1198427 0.0001340 0.0001340 0.0001005 0.0001340 0.0001005 0.0001005 0.0000670 0.0000335 0.0001005 0.0000335 0.0003351 0.0001340 0.0002681 0.0002011 0.0001676 0.0000670 0.0002681 0.0000670 0.0000335 0.0002346 0.0001007 0.0001006 0.0001676 0.0002011 0.1211526 0.0000670 0.0002689 0.0001680 0.0002353 0.0000336 0.0002353 0.0000670 0.0000335 0.0010997 0.0003025 0.0001394 0.0001694 0.0001005 0.0001676 0.0002011 0.0001005 0.0002347 0.0003746 0.0003352 0.0001676 0.0001005 0.0002351 0.0001676 0.0001005 0.0002011 0.0002011 0.0002011 0.0003031 0.0001007 0.0001341 0.0002015 0.0002347 0.0001676 0.0002346 0.0003352 0.0003687 0.0002682 0.0003358 0.0003016 0.0003016 0.0002687 0.0002015 0.0003423 
BetaCoV_Guangdong_20SF028_2020_EPI_ISL_403936            0.0000335 0.0001005 0.0001005 0.0001340 0.0000335 0.0000335 0.0001006 0.0001005 0.0000335 0.0001005 0.0409800 0.0000670 0.0000670 0.0000335 0.0000670 0.0002346 0.0001340 0.0001340 0.0000670 0.0000000 0.0000010 0.0000335 0.0000335 0.0001006 0.0000335 0.0000335 0.0001340 0.0002011 0.0001341 0.0001340 0.0002681 0.0001005 0.0001676 0.0000010 0.0001006 0.0001006 0.0000670 0.0000671 0.0000335 0.0009402 0.0001340 0.0001005 0.0003351 0.0001005 0.0001006 0.0000335 0.0000335 0.0001006 0.0018257 0.0000335 0.0001341 0.0001341 0.0001343 0.0000335 0.0000670 0.0001676 0.0002012 0.0000010 0.0001006 0.0001677 0.0001340 0.0000335 0.0001007 0.0001677 0.0002346 0.0001006 0.0000670 0.0000670 0.0001340 0.0001340 0.0000335 0.0001340 0.0000670 0.0002011 0.0001340 0.0000670 0.0002681 0.0009163 0.0002346 0.0005029 0.0000670 0.0008250 0.0000672 0.0001018 0.0001051 0.0007521 0.0001005 0.0001340 0.0002011 0.0001676 0.0002011 0.0002346 0.0001676 0.0000670 0.0001009 0.0000672 0.0001418 0.0001676 0.0000335 0.0002681 0.0001005 0.0000671 0.0001729 0.0000335 0.0000335 0.0001360 0.0001006 0.0000671 0.2096415 0.2098159 0.2093647 0.2098347 0.2091592 0.2103791 0.0886528 0.0001005 0.0001007 0.0001005 0.0001008 0.0001005 0.0001005 0.0002011 0.0001676 0.0001005 0.0001005 0.1198332 0.0001340 0.0001340 0.0001005 0.0001340 0.0001005 0.0001005 0.0000670 0.0000335 0.0001005 0.0000335 0.0003351 0.0001340 0.0002681 0.0001340 0.0001676 0.0000670 0.0002681 0.0000670 0.0000335 0.0002346 0.0001007 0.0001006 0.0001676 0.0002011 0.1211413 0.0000670 0.0002689 0.0001680 0.0002353 0.0000336 0.0002353 0.0000670 0.0000335 0.0010998 0.0003025 0.0001394 0.0001694 0.0001005 0.0001676 0.0002011 0.0001005 0.0002347 0.0003746 0.0003352 0.0001676 0.0001005 0.0002351 0.0001676 0.0001005 0.0002011 0.0002011 0.0002011 0.0003031 0.0001007 0.0001341 0.0002015 0.0002347 0.0001676 0.0002346 0.0003352 0.0003687 0.0002682 0.0003358 0.0003016 0.0003016 0.0002687 0.0002015 0.0003423 
