200
BetaCoV_Wuhan_IVDC_HB_01_2019_EPI_ISL_402119             0.0000000 0.0000669 0.0000669 0.0001004 0.0000010 0.0000010 0.0000671 0.0000670 0.0000010 0.0000670 0.0408737 0.0000335 0.0000335 0.0000010 0.0000335 0.0002008 0.0001005 0.0001005 0.0000335 0.0000335 0.0000335 0.0000010 0.0000010 0.0000670 0.0000010 0.0000010 0.0001004 0.0001673 0.0001005 0.0001339 0.0002343 0.0000669 0.0001339 0.0000335 0.0000670 0.0000670 0.0000335 0.0000336 0.0000010 0.0009054 0.0001004 0.0000669 0.0003012 0.0000670 0.0000671 0.0000010 0.0000010 0.0000670 0.0018256 0.0000010 0.0001004 0.0001004 0.0001007 0.0000010 0.0000335 0.0001341 0.0001676 0.0000010 0.0000670 0.0001342 0.0001004 0.0000010 0.0000672 0.0001341 0.0002009 0.0001005 0.0000335 0.0000335 0.0001004 0.0001004 0.0000669 0.0001005 0.0000335 0.0001673 0.0001004 0.0000335 0.0002343 0.0009153 0.0002009 0.0005356 0.0000335 0.0008241 0.0000335 0.0000679 0.0000701 0.0007124 0.0000669 0.0001004 0.0001674 0.0001339 0.0001674 0.0004351 0.0001339 0.0000335 0.0000673 0.0000336 0.0001063 0.0001339 0.0000010 0.0002343 0.0000670 0.0000335 0.0001382 0.0000010 0.0000010 0.0001020 0.0000670 0.0000335 0.2090293 0.2092033 0.2087553 0.2092211 0.2083199 0.2095154 0.0885185 0.0000670 0.0000672 0.0000669 0.0000672 0.0000669 0.0000669 0.0001674 0.0001339 0.0000670 0.0000670 0.1195932 0.0001004 0.0001004 0.0000669 0.0001004 0.0000670 0.0000669 0.0000335 0.0000010 0.0001004 0.0000010 0.0003012 0.0001004 0.0002343 0.0001673 0.0001339 0.0000335 0.0002343 0.0002344 0.0000010 0.0002345 0.0000671 0.0000670 0.0001341 0.0001675 0.1208935 0.0000335 0.0002686 0.0001343 0.0002014 0.0000336 0.0002350 0.0000335 0.0000010 0.0010652 0.0002689 0.0001046 0.0001356 0.0002342 0.0002008 0.0006024 0.0005021 0.0002010 0.0003405 0.0003016 0.0001338 0.0000669 0.0002015 0.0001340 0.0000670 0.0001676 0.0001676 0.0001676 0.0002694 0.0000670 0.0001004 0.0001679 0.0002009 0.0001340 0.0002009 0.0003015 0.0003348 0.0002346 0.0003022 0.0002679 0.0004350 0.0002351 0.0001679 0.0003080 0.0001675 0.0003346 0.0002008 0.0000675 0.0003015 0.0002692 
BetaCoV_Wuhan_IVDC_HB_04_2020_EPI_ISL_402120             0.0000669 0.0000000 0.0001338 0.0001673 0.0000669 0.0000669 0.0001341 0.0001340 0.0000670 0.0001340 0.0409492 0.0001005 0.0001004 0.0000669 0.0001004 0.0002677 0.0001676 0.0001676 0.0001005 0.0001005 0.0001005 0.0000670 0.0000670 0.0001341 0.0000670 0.0000670 0.0001673 0.0002342 0.0001676 0.0002008 0.0003012 0.0001339 0.0002008 0.0001007 0.0001341 0.0001341 0.0001005 0.0001007 0.0000670 0.0009725 0.0001673 0.0001338 0.0003681 0.0001340 0.0001342 0.0000669 0.0000669 0.0001339 0.0019303 0.0000670 0.0001674 0.0001673 0.0001679 0.0000670 0.0001005 0.0002011 0.0002346 0.0000674 0.0001340 0.0002012 0.0001673 0.0000670 0.0001343 0.0002011 0.0002679 0.0001675 0.0001005 0.0001005 0.0001673 0.0001673 0.0001339 0.0001674 0.0001005 0.0002342 0.0001673 0.0001004 0.0003013 0.0009832 0.0002678 0.0006026 0.0001004 0.0008928 0.0001006 0.0001357 0.0001051 0.0007520 0.0001338 0.0001673 0.0002343 0.0002008 0.0002343 0.0005020 0.0002008 0.0001004 0.0001345 0.0001007 0.0001772 0.0002008 0.0000670 0.0003012 0.0001339 0.0001006 0.0002074 0.0000669 0.0000669 0.0001700 0.0001340 0.0001006 0.2091437 0.2093177 0.2088696 0.2093355 0.2084341 0.2096402 0.0886380 0.0001339 0.0001343 0.0001338 0.0001344 0.0001338 0.0001338 0.0002344 0.0002009 0.0001340 0.0001339 0.1196870 0.0001674 0.0001674 0.0001338 0.0001674 0.0001339 0.0001339 0.0001004 0.0000670 0.0001673 0.0000669 0.0003680 0.0001673 0.0003012 0.0002342 0.0002008 0.0001004 0.0003012 0.0003013 0.0000670 0.0003016 0.0001343 0.0001340 0.0002011 0.0002346 0.1210038 0.0001004 0.0003358 0.0002014 0.0002686 0.0001007 0.0003022 0.0001005 0.0000670 0.0011340 0.0003361 0.0001743 0.0002033 0.0003012 0.0003346 0.0007697 0.0006694 0.0002681 0.0004086 0.0003686 0.0002007 0.0001338 0.0002687 0.0002011 0.0001340 0.0002346 0.0002346 0.0002346 0.0003368 0.0001340 0.0001674 0.0002351 0.0002678 0.0002010 0.0002678 0.0003685 0.0004018 0.0003016 0.0003694 0.0003349 0.0005019 0.0003023 0.0002351 0.0003765 0.0002345 0.0004015 0.0002676 0.0001350 0.0003685 0.0003365 
BetaCoV_Wuhan_IVDC_HB_05_2019_EPI_ISL_402121             0.0000669 0.0001338 0.0000000 0.0001673 0.0000669 0.0000669 0.0001341 0.0001340 0.0000670 0.0001340 0.0409510 0.0001005 0.0001004 0.0000669 0.0001004 0.0002677 0.0001676 0.0001676 0.0001005 0.0001005 0.0001005 0.0000670 0.0000670 0.0001341 0.0000670 0.0000670 0.0001673 0.0002342 0.0001676 0.0002008 0.0003012 0.0001339 0.0002008 0.0001007 0.0001341 0.0001341 0.0001005 0.0001007 0.0000670 0.0009725 0.0001673 0.0001338 0.0003681 0.0001340 0.0001342 0.0000669 0.0000669 0.0001339 0.0019304 0.0000670 0.0001674 0.0001673 0.0001679 0.0000670 0.0001005 0.0002011 0.0002346 0.0000674 0.0001340 0.0002012 0.0001673 0.0000670 0.0001343 0.0002011 0.0002679 0.0001675 0.0001005 0.0001005 0.0001673 0.0001673 0.0001339 0.0001674 0.0001005 0.0002342 0.0001673 0.0001004 0.0003013 0.0009832 0.0002678 0.0006026 0.0001004 0.0008929 0.0001006 0.0001357 0.0001401 0.0007917 0.0001338 0.0001673 0.0002343 0.0002008 0.0002343 0.0005020 0.0002008 0.0001004 0.0001345 0.0001007 0.0001772 0.0002008 0.0000670 0.0003012 0.0001339 0.0001006 0.0002074 0.0000669 0.0000669 0.0001700 0.0001340 0.0001006 0.2089964 0.2091703 0.2087224 0.2091881 0.2082871 0.2094794 0.0885184 0.0001339 0.0001343 0.0001338 0.0001344 0.0001338 0.0001338 0.0002344 0.0002009 0.0001340 0.0001339 0.1195932 0.0001674 0.0001674 0.0001338 0.0001674 0.0001339 0.0001339 0.0001004 0.0000670 0.0001673 0.0000669 0.0003681 0.0001673 0.0003012 0.0002342 0.0002008 0.0001004 0.0003012 0.0003013 0.0000670 0.0003016 0.0001343 0.0001340 0.0002011 0.0002346 0.1208935 0.0001004 0.0003358 0.0002014 0.0002686 0.0001007 0.0003022 0.0001005 0.0000670 0.0011340 0.0003361 0.0001743 0.0002033 0.0003012 0.0002677 0.0006694 0.0005690 0.0002681 0.0004086 0.0003686 0.0002008 0.0001338 0.0002687 0.0002011 0.0001340 0.0002346 0.0002346 0.0002346 0.0003368 0.0001341 0.0001674 0.0002351 0.0002679 0.0002010 0.0002678 0.0003685 0.0004018 0.0003016 0.0003694 0.0003349 0.0005020 0.0003023 0.0002351 0.0003765 0.0002345 0.0004016 0.0002677 0.0001350 0.0003685 0.0003365 
BetaCoV_Wuhan_IPBCAMS_WH_01_2019_EPI_ISL_402123          0.0001004 0.0001673 0.0001673 0.0000000 0.0001004 0.0001003 0.0001677 0.0001675 0.0001005 0.0001675 0.0409904 0.0001340 0.0001339 0.0001004 0.0001338 0.0003012 0.0002011 0.0002011 0.0001340 0.0001340 0.0001340 0.0001005 0.0001005 0.0001676 0.0001005 0.0001004 0.0002008 0.0002677 0.0002011 0.0002343 0.0003347 0.0001673 0.0002343 0.0001342 0.0001676 0.0001676 0.0001341 0.0001342 0.0001005 0.0010062 0.0002008 0.0001673 0.0004016 0.0001675 0.0001678 0.0001004 0.0001004 0.0001674 0.0019304 0.0001004 0.0002009 0.0002008 0.0002015 0.0001006 0.0001340 0.0002346 0.0002682 0.0001011 0.0001675 0.0002348 0.0002008 0.0001006 0.0001679 0.0002347 0.0003014 0.0002010 0.0001340 0.0001340 0.0002008 0.0002008 0.0001673 0.0002009 0.0001340 0.0002677 0.0002008 0.0001339 0.0003348 0.0010172 0.0003013 0.0006361 0.0001339 0.0009273 0.0001342 0.0001697 0.0001752 0.0008314 0.0001673 0.0002008 0.0002678 0.0002343 0.0002678 0.0005355 0.0002343 0.0001339 0.0001681 0.0001343 0.0002127 0.0002343 0.0001005 0.0003347 0.0001674 0.0001342 0.0002419 0.0001004 0.0001004 0.0002040 0.0001676 0.0001341 0.2092320 0.2094060 0.2089577 0.2094238 0.2085221 0.2097366 0.0885841 0.0001674 0.0001679 0.0001673 0.0001680 0.0001673 0.0001673 0.0002679 0.0002344 0.0001676 0.0001674 0.1197479 0.0002009 0.0002009 0.0001673 0.0002009 0.0001674 0.0001674 0.0001339 0.0001005 0.0002008 0.0001004 0.0004015 0.0002008 0.0003347 0.0002677 0.0002343 0.0001339 0.0003347 0.0003348 0.0001004 0.0003351 0.0001678 0.0001676 0.0002346 0.0002681 0.1210756 0.0001339 0.0003694 0.0002350 0.0003022 0.0001343 0.0003358 0.0001340 0.0001005 0.0011685 0.0003698 0.0002091 0.0002372 0.0003347 0.0003681 0.0009050 0.0007029 0.0003016 0.0004427 0.0004022 0.0002342 0.0001672 0.0003023 0.0002346 0.0001675 0.0002681 0.0002681 0.0002682 0.0003705 0.0001675 0.0002009 0.0002687 0.0003013 0.0002345 0.0003013 0.0004020 0.0004353 0.0003351 0.0004030 0.0003684 0.0005353 0.0003358 0.0002687 0.0004107 0.0002680 0.0004349 0.0003011 0.0001687 0.0004020 0.0003701 
BetaCoV_Wuhan_WIV04_2019_EPI_ISL_402124                  0.0000010 0.0000669 0.0000669 0.0001004 0.0000000 0.0000010 0.0000671 0.0000670 0.0000010 0.0000670 0.0408737 0.0000335 0.0000335 0.0000010 0.0000335 0.0002008 0.0001005 0.0001005 0.0000335 0.0000335 0.0000335 0.0000010 0.0000010 0.0000670 0.0000010 0.0000010 0.0001004 0.0001673 0.0001005 0.0001339 0.0002343 0.0000669 0.0001339 0.0000335 0.0000670 0.0000670 0.0000335 0.0000336 0.0000010 0.0009054 0.0001004 0.0000669 0.0003012 0.0000670 0.0000671 0.0000010 0.0000010 0.0000670 0.0018256 0.0000010 0.0001004 0.0001004 0.0001007 0.0000010 0.0000335 0.0001341 0.0001676 0.0000010 0.0000670 0.0001342 0.0001004 0.0000010 0.0000672 0.0001341 0.0002009 0.0001005 0.0000335 0.0000335 0.0001004 0.0001004 0.0000669 0.0001005 0.0000335 0.0001673 0.0001004 0.0000335 0.0002343 0.0009153 0.0002009 0.0005356 0.0000335 0.0008241 0.0000335 0.0000679 0.0000701 0.0007124 0.0000669 0.0001004 0.0001674 0.0001339 0.0001674 0.0004351 0.0001339 0.0000335 0.0000673 0.0000336 0.0001063 0.0001339 0.0000010 0.0002343 0.0000670 0.0000335 0.0001382 0.0000010 0.0000010 0.0001020 0.0000670 0.0000335 0.2090293 0.2092033 0.2087553 0.2092211 0.2083199 0.2095154 0.0885185 0.0000670 0.0000672 0.0000669 0.0000672 0.0000669 0.0000669 0.0001674 0.0001339 0.0000670 0.0000670 0.1195932 0.0001004 0.0001004 0.0000669 0.0001004 0.0000670 0.0000669 0.0000335 0.0000010 0.0001004 0.0000010 0.0003012 0.0001004 0.0002343 0.0001673 0.0001339 0.0000335 0.0002343 0.0002344 0.0000010 0.0002345 0.0000671 0.0000670 0.0001341 0.0001675 0.1208935 0.0000335 0.0002686 0.0001343 0.0002014 0.0000336 0.0002350 0.0000335 0.0000010 0.0010652 0.0002689 0.0001046 0.0001356 0.0002342 0.0002008 0.0006024 0.0005021 0.0002010 0.0003405 0.0003016 0.0001338 0.0000669 0.0002015 0.0001340 0.0000670 0.0001676 0.0001676 0.0001676 0.0002694 0.0000670 0.0001004 0.0001679 0.0002009 0.0001340 0.0002009 0.0003015 0.0003348 0.0002346 0.0003022 0.0002679 0.0004350 0.0002351 0.0001679 0.0003080 0.0001675 0.0003346 0.0002008 0.0000675 0.0003015 0.0002692 
BetaCoV_Wuhan_Hu_1_2019_EPI_ISL_402125                   0.0000010 0.0000669 0.0000669 0.0001003 0.0000010 0.0000000 0.0000671 0.0000670 0.0000010 0.0000670 0.0408737 0.0000335 0.0000335 0.0000010 0.0000334 0.0002008 0.0001005 0.0001005 0.0000335 0.0000335 0.0000335 0.0000010 0.0000010 0.0000670 0.0000010 0.0000010 0.0001004 0.0001673 0.0001005 0.0001339 0.0002343 0.0000669 0.0001339 0.0000335 0.0000670 0.0000670 0.0000335 0.0000336 0.0000010 0.0009054 0.0001004 0.0000669 0.0003012 0.0000670 0.0000671 0.0000010 0.0000010 0.0000670 0.0018256 0.0000010 0.0001004 0.0001004 0.0001007 0.0000010 0.0000335 0.0001341 0.0001676 0.0000010 0.0000670 0.0001342 0.0001004 0.0000010 0.0000672 0.0001341 0.0002009 0.0001005 0.0000335 0.0000335 0.0001004 0.0001004 0.0000669 0.0001005 0.0000335 0.0001673 0.0001004 0.0000335 0.0002343 0.0009153 0.0002009 0.0005356 0.0000335 0.0008241 0.0000335 0.0000679 0.0000701 0.0007124 0.0000669 0.0001004 0.0001674 0.0001339 0.0001674 0.0004351 0.0001339 0.0000335 0.0000673 0.0000336 0.0001063 0.0001339 0.0000010 0.0002343 0.0000670 0.0000335 0.0001382 0.0000010 0.0000010 0.0001020 0.0000670 0.0000335 0.2090293 0.2092033 0.2087553 0.2092211 0.2083199 0.2095154 0.0885185 0.0000670 0.0000672 0.0000669 0.0000672 0.0000669 0.0000669 0.0001674 0.0001339 0.0000670 0.0000670 0.1195932 0.0001004 0.0001004 0.0000669 0.0001004 0.0000670 0.0000669 0.0000335 0.0000010 0.0001004 0.0000010 0.0003010 0.0001004 0.0002343 0.0001673 0.0001339 0.0000335 0.0002343 0.0002344 0.0000010 0.0002345 0.0000671 0.0000670 0.0001341 0.0001675 0.1208935 0.0000335 0.0002686 0.0001343 0.0002014 0.0000336 0.0002350 0.0000335 0.0000010 0.0010652 0.0002689 0.0001046 0.0001356 0.0002342 0.0002677 0.0008043 0.0006024 0.0002010 0.0003405 0.0003016 0.0001338 0.0000669 0.0002015 0.0001340 0.0000670 0.0001676 0.0001676 0.0001676 0.0002694 0.0000670 0.0001004 0.0001679 0.0002008 0.0001340 0.0002009 0.0003015 0.0003348 0.0002346 0.0003022 0.0002679 0.0004349 0.0002351 0.0001679 0.0003080 0.0001675 0.0003345 0.0002007 0.0000675 0.0003015 0.0002691 
BetaCoV_Wuhan_WIV02_2019_EPI_ISL_402127                  0.0000671 0.0001341 0.0001341 0.0001677 0.0000671 0.0000671 0.0000000 0.0001341 0.0000671 0.0001341 0.0409825 0.0001006 0.0001006 0.0000671 0.0001006 0.0002683 0.0001677 0.0001677 0.0001006 0.0001006 0.0001006 0.0000671 0.0000671 0.0001006 0.0000671 0.0000671 0.0001677 0.0002347 0.0001677 0.0001677 0.0003018 0.0001341 0.0002012 0.0001007 0.0001341 0.0001341 0.0001006 0.0001007 0.0000671 0.0009746 0.0001677 0.0001341 0.0003689 0.0001341 0.0001343 0.0000671 0.0000671 0.0001341 0.0018780 0.0000671 0.0001341 0.0001677 0.0001679 0.0000671 0.0001006 0.0002013 0.0002349 0.0000674 0.0001342 0.0002013 0.0001677 0.0000671 0.0001343 0.0002012 0.0002683 0.0001341 0.0001006 0.0001006 0.0001677 0.0001677 0.0001341 0.0001677 0.0001006 0.0002347 0.0001677 0.0001006 0.0003018 0.0009503 0.0002683 0.0005368 0.0001006 0.0008600 0.0001007 0.0001357 0.0001402 0.0007917 0.0001006 0.0001677 0.0002347 0.0002012 0.0002347 0.0002347 0.0002012 0.0001006 0.0001345 0.0001007 0.0001772 0.0002012 0.0000671 0.0003018 0.0001341 0.0001007 0.0002075 0.0000671 0.0000671 0.0001700 0.0001342 0.0001006 0.2085294 0.2087034 0.2082558 0.2087211 0.2084643 0.2096341 0.0886449 0.0001341 0.0001343 0.0001341 0.0001344 0.0001341 0.0001341 0.0002347 0.0002012 0.0001342 0.0001341 0.1196946 0.0001677 0.0001677 0.0001341 0.0001677 0.0001341 0.0001341 0.0001006 0.0000671 0.0001341 0.0000671 0.0003689 0.0001677 0.0003018 0.0002347 0.0002012 0.0000335 0.0003018 0.0001006 0.0000671 0.0002683 0.0001343 0.0001341 0.0002013 0.0002347 0.1210129 0.0001006 0.0003025 0.0002016 0.0002689 0.0000672 0.0002689 0.0000335 0.0000671 0.0010652 0.0003361 0.0001743 0.0002033 0.0001341 0.0002012 0.0001006 0.0001341 0.0002683 0.0004087 0.0003354 0.0002012 0.0001341 0.0002687 0.0002012 0.0001341 0.0002347 0.0002347 0.0002348 0.0003368 0.0001342 0.0001677 0.0002351 0.0002683 0.0002012 0.0002683 0.0003690 0.0004025 0.0003020 0.0003694 0.0003354 0.0003354 0.0003023 0.0002351 0.0003765 0.0002347 0.0002347 0.0002683 0.0001350 0.0003354 0.0003369 
BetaCoV_Wuhan_WIV05_2019_EPI_ISL_402128                  0.0000670 0.0001340 0.0001340 0.0001675 0.0000670 0.0000670 0.0001341 0.0000000 0.0000670 0.0001340 0.0409840 0.0001005 0.0001005 0.0000670 0.0001005 0.0002680 0.0001676 0.0001676 0.0001005 0.0001005 0.0001005 0.0000670 0.0000670 0.0001341 0.0000670 0.0000670 0.0001675 0.0002345 0.0001676 0.0001675 0.0003015 0.0001340 0.0002010 0.0001007 0.0001341 0.0001341 0.0001005 0.0001007 0.0000670 0.0009736 0.0001675 0.0001340 0.0003686 0.0001340 0.0001342 0.0000670 0.0000670 0.0001341 0.0019304 0.0000670 0.0001675 0.0001676 0.0001679 0.0000671 0.0001006 0.0002012 0.0002347 0.0000674 0.0001341 0.0002012 0.0001675 0.0000670 0.0001343 0.0002012 0.0002680 0.0001676 0.0001006 0.0001006 0.0001675 0.0001675 0.0001340 0.0001675 0.0001005 0.0002345 0.0001675 0.0001005 0.0003015 0.0009160 0.0002681 0.0005363 0.0001005 0.0008592 0.0001007 0.0001357 0.0001401 0.0007917 0.0001340 0.0001675 0.0002345 0.0002010 0.0002345 0.0003686 0.0002010 0.0001005 0.0001345 0.0001007 0.0001772 0.0002010 0.0000671 0.0003015 0.0001340 0.0001006 0.0002074 0.0000670 0.0000670 0.0001700 0.0001341 0.0001006 0.2088649 0.2090389 0.2085911 0.2090566 0.2084510 0.2095870 0.0886449 0.0001340 0.0001343 0.0001340 0.0001344 0.0001340 0.0001340 0.0002345 0.0002010 0.0001341 0.0001340 0.1196946 0.0001675 0.0001675 0.0001340 0.0001675 0.0001340 0.0001340 0.0001005 0.0000670 0.0001340 0.0000670 0.0003686 0.0001675 0.0003015 0.0002345 0.0002010 0.0001005 0.0003015 0.0001005 0.0000670 0.0003016 0.0001343 0.0001341 0.0002012 0.0002346 0.1210129 0.0001005 0.0003024 0.0002016 0.0002688 0.0000672 0.0002688 0.0001005 0.0000670 0.0011340 0.0003361 0.0001743 0.0002033 0.0001340 0.0002010 0.0002010 0.0001340 0.0002681 0.0004086 0.0003686 0.0002010 0.0001340 0.0002687 0.0002011 0.0001340 0.0002346 0.0002346 0.0002346 0.0003368 0.0001342 0.0001676 0.0002351 0.0002681 0.0002010 0.0002680 0.0003687 0.0004021 0.0003017 0.0003694 0.0003351 0.0003686 0.0003023 0.0002351 0.0003765 0.0002345 0.0002345 0.0002680 0.0001350 0.0003351 0.0003369 
BetaCoV_Wuhan_WIV06_2019_EPI_ISL_402129                  0.0000010 0.0000670 0.0000670 0.0001005 0.0000010 0.0000010 0.0000671 0.0000670 0.0000000 0.0000670 0.0409015 0.0000335 0.0000335 0.0000010 0.0000335 0.0002010 0.0001005 0.0001005 0.0000335 0.0000335 0.0000335 0.0000010 0.0000010 0.0000670 0.0000010 0.0000010 0.0001005 0.0001675 0.0001006 0.0001005 0.0002345 0.0000670 0.0001340 0.0000335 0.0000670 0.0000670 0.0000335 0.0000336 0.0000010 0.0009063 0.0001005 0.0000670 0.0003015 0.0000670 0.0000671 0.0000010 0.0000010 0.0000670 0.0018256 0.0000010 0.0001005 0.0001005 0.0001007 0.0000010 0.0000335 0.0001341 0.0001676 0.0000010 0.0000670 0.0001342 0.0001005 0.0000010 0.0000672 0.0001341 0.0002010 0.0001005 0.0000335 0.0000335 0.0001005 0.0001005 0.0000670 0.0001005 0.0000335 0.0001675 0.0001005 0.0000335 0.0002345 0.0009159 0.0002010 0.0004692 0.0000335 0.0007904 0.0000336 0.0000679 0.0000701 0.0007124 0.0000670 0.0001005 0.0001675 0.0001340 0.0001675 0.0003686 0.0001340 0.0000335 0.0000673 0.0000336 0.0001063 0.0001340 0.0000010 0.0002345 0.0000670 0.0000335 0.0001383 0.0000010 0.0000010 0.0001020 0.0000670 0.0000335 0.2085966 0.2087705 0.2083231 0.2087882 0.2083199 0.2095154 0.0885185 0.0000670 0.0000672 0.0000670 0.0000672 0.0000670 0.0000670 0.0001675 0.0001340 0.0000670 0.0000670 0.1195932 0.0001005 0.0001005 0.0000670 0.0001005 0.0000670 0.0000670 0.0000335 0.0000010 0.0000670 0.0000010 0.0003015 0.0001005 0.0002345 0.0001675 0.0001340 0.0000335 0.0002345 0.0000335 0.0000010 0.0002346 0.0000671 0.0000670 0.0001341 0.0001676 0.1208935 0.0000335 0.0002352 0.0001344 0.0002016 0.0000010 0.0002016 0.0000335 0.0000010 0.0010652 0.0002689 0.0001046 0.0001356 0.0000670 0.0001340 0.0001340 0.0000670 0.0002010 0.0003405 0.0003016 0.0001340 0.0000670 0.0002015 0.0001340 0.0000670 0.0001676 0.0001676 0.0001676 0.0002694 0.0000671 0.0001005 0.0001679 0.0002011 0.0001340 0.0002010 0.0003016 0.0003350 0.0002347 0.0003022 0.0002680 0.0003686 0.0002351 0.0001679 0.0003080 0.0001675 0.0001675 0.0002010 0.0000675 0.0002681 0.0002694 
BetaCoV_Wuhan_WIV07_2019_EPI_ISL_402130                  0.0000670 0.0001340 0.0001340 0.0001675 0.0000670 0.0000670 0.0001341 0.0001340 0.0000670 0.0000000 0.0409775 0.0001005 0.0001005 0.0000670 0.0001005 0.0002680 0.0001676 0.0001676 0.0001005 0.0001005 0.0001005 0.0000670 0.0000670 0.0001341 0.0000670 0.0000670 0.0001675 0.0002345 0.0001676 0.0001675 0.0003015 0.0001340 0.0002010 0.0001007 0.0001341 0.0001341 0.0001005 0.0001007 0.0000670 0.0009735 0.0001675 0.0001340 0.0003685 0.0001340 0.0001342 0.0000670 0.0000670 0.0001340 0.0019305 0.0000670 0.0001675 0.0001675 0.0001679 0.0000671 0.0001006 0.0002012 0.0002347 0.0000674 0.0001341 0.0002012 0.0001675 0.0000670 0.0001343 0.0002011 0.0002680 0.0001676 0.0001006 0.0001006 0.0001675 0.0001675 0.0001340 0.0001675 0.0001005 0.0002345 0.0001675 0.0001005 0.0003015 0.0009839 0.0002680 0.0005362 0.0001005 0.0008592 0.0001007 0.0001357 0.0001401 0.0007917 0.0001340 0.0001675 0.0002345 0.0002010 0.0002345 0.0005026 0.0002010 0.0001005 0.0001345 0.0001007 0.0001418 0.0002010 0.0000670 0.0003015 0.0001340 0.0001006 0.0002074 0.0000670 0.0000670 0.0001700 0.0001341 0.0001006 0.2088127 0.2089866 0.2085389 0.2090044 0.2084608 0.2096696 0.0885782 0.0001340 0.0001343 0.0001340 0.0001344 0.0001340 0.0001340 0.0002345 0.0002010 0.0001341 0.0001340 0.1197002 0.0001675 0.0001675 0.0001340 0.0001675 0.0001340 0.0001340 0.0001005 0.0000670 0.0001340 0.0000670 0.0003685 0.0001675 0.0003015 0.0002345 0.0002010 0.0001005 0.0003015 0.0001005 0.0000670 0.0003016 0.0001343 0.0001340 0.0002012 0.0002346 0.1209486 0.0001005 0.0003360 0.0002016 0.0002688 0.0001008 0.0002688 0.0001005 0.0000670 0.0011341 0.0003361 0.0001743 0.0002033 0.0001340 0.0002010 0.0002010 0.0001340 0.0002681 0.0004086 0.0003686 0.0002010 0.0001340 0.0002687 0.0002011 0.0001340 0.0002346 0.0002346 0.0002346 0.0003368 0.0001341 0.0001675 0.0002351 0.0002681 0.0002010 0.0002680 0.0003687 0.0004020 0.0003018 0.0003694 0.0003350 0.0004690 0.0003023 0.0002351 0.0003765 0.0002345 0.0002345 0.0002680 0.0001350 0.0003351 0.0003368 
BetaCoV_bat_Yunnan_RaTG13_2013_EPI_ISL_402131            0.0408737 0.0409492 0.0409510 0.0409904 0.0408737 0.0408737 0.0409825 0.0409840 0.0409015 0.0409775 0.0000000 0.0409521 0.0409238 0.0408737 0.0409109 0.0411121 0.0408055 0.0408055 0.0409202 0.0409555 0.0409555 0.0409127 0.0408982 0.0409601 0.0408597 0.0407847 0.0407714 0.0408365 0.0407748 0.0410456 0.0409283 0.0409616 0.0408129 0.0409673 0.0409605 0.0409605 0.0408477 0.0408994 0.0408849 0.0417871 0.0407616 0.0409492 0.0410351 0.0409898 0.0410110 0.0408835 0.0408835 0.0409340 0.0396890 0.0408476 0.0408402 0.0409301 0.0409282 0.0409453 0.0409726 0.0409004 0.0409375 0.0405920 0.0409264 0.0409192 0.0407714 0.0408897 0.0408137 0.0408941 0.0409023 0.0408262 0.0409759 0.0409754 0.0409986 0.0409986 0.0409590 0.0410238 0.0409468 0.0408370 0.0408403 0.0409153 0.0411510 0.0418354 0.0408801 0.0410897 0.0409123 0.0418642 0.0409235 0.0410773 0.0410671 0.0421893 0.0409160 0.0409966 0.0408481 0.0408103 0.0408519 0.0411621 0.0410447 0.0408134 0.0409479 0.0409305 0.0412498 0.0409654 0.0408417 0.0409277 0.0409747 0.0409236 0.0413037 0.0408848 0.0408848 0.0412125 0.0409382 0.0409780 0.2124523 0.2126296 0.2121373 0.2128311 0.2120597 0.2143397 0.0907961 0.0409845 0.0409686 0.0409530 0.0409633 0.0408780 0.0408780 0.0409378 0.0409006 0.0409243 0.0409764 0.1210911 0.0410141 0.0407848 0.0408751 0.0410116 0.0409789 0.0409715 0.0409349 0.0408560 0.0408375 0.0408737 0.0410061 0.0409869 0.0411582 0.0409959 0.0408858 0.0409222 0.0409272 0.0409323 0.0408982 0.0409962 0.0409883 0.0409604 0.0410888 0.0410274 0.1224363 0.0409213 0.0410085 0.0408515 0.0409272 0.0408901 0.0409668 0.0409514 0.0409127 0.0424216 0.0411603 0.0392526 0.0390725 0.0410676 0.0409544 0.0411855 0.0412743 0.0408716 0.0414780 0.0411912 0.0409533 0.0409568 0.0410483 0.0409178 0.0408377 0.0409152 0.0411145 0.0409639 0.0411399 0.0408860 0.0409634 0.0410852 0.0410085 0.0410573 0.0411245 0.0411982 0.0412041 0.0411304 0.0411573 0.0411338 0.0413470 0.0410905 0.0410870 0.0389328 0.0408625 0.0408400 0.0408752 0.0410804 0.0410649 0.0410339 
BetaCoV_Wuhan_HBCDC_HB_01_2019_EPI_ISL_402132            0.0000335 0.0001005 0.0001005 0.0001340 0.0000335 0.0000335 0.0001006 0.0001005 0.0000335 0.0001005 0.0409521 0.0000000 0.0000670 0.0000335 0.0000670 0.0002346 0.0001340 0.0001340 0.0000670 0.0000670 0.0000670 0.0000335 0.0000335 0.0001005 0.0000335 0.0000335 0.0001340 0.0002010 0.0001341 0.0001340 0.0002681 0.0001005 0.0001675 0.0000671 0.0001006 0.0001006 0.0000670 0.0000671 0.0000335 0.0009401 0.0001340 0.0001005 0.0003351 0.0001005 0.0001006 0.0000335 0.0000335 0.0001006 0.0018780 0.0000335 0.0001340 0.0001341 0.0001343 0.0000335 0.0000670 0.0001676 0.0002012 0.0000010 0.0001006 0.0001677 0.0001340 0.0000335 0.0001007 0.0001677 0.0002346 0.0001006 0.0000670 0.0000670 0.0001340 0.0001340 0.0001005 0.0001340 0.0000670 0.0002010 0.0001340 0.0000670 0.0002681 0.0009162 0.0002346 0.0005028 0.0000670 0.0008249 0.0000672 0.0001018 0.0001051 0.0007521 0.0001005 0.0001340 0.0002010 0.0001675 0.0002010 0.0002681 0.0001675 0.0000670 0.0001009 0.0000672 0.0001418 0.0001675 0.0000335 0.0002681 0.0001005 0.0000671 0.0001729 0.0000335 0.0000335 0.0001360 0.0001006 0.0000671 0.2088670 0.2090410 0.2085932 0.2090588 0.2083911 0.2095934 0.0885185 0.0001005 0.0001007 0.0001005 0.0001008 0.0001005 0.0001005 0.0002010 0.0001675 0.0001005 0.0001005 0.1196464 0.0001340 0.0001340 0.0001005 0.0001340 0.0001005 0.0001005 0.0000670 0.0000335 0.0001005 0.0000335 0.0003351 0.0001340 0.0002681 0.0002010 0.0001675 0.0000670 0.0002681 0.0000670 0.0000335 0.0002346 0.0001007 0.0001006 0.0001676 0.0002010 0.1209562 0.0000670 0.0002689 0.0001680 0.0002352 0.0000336 0.0002352 0.0000670 0.0000335 0.0010651 0.0003025 0.0001394 0.0001694 0.0001005 0.0001675 0.0002010 0.0001005 0.0002346 0.0003746 0.0003352 0.0001675 0.0001005 0.0002351 0.0001675 0.0001005 0.0002011 0.0002011 0.0002011 0.0003031 0.0001006 0.0001341 0.0002015 0.0002346 0.0001675 0.0002346 0.0003352 0.0003686 0.0002682 0.0003358 0.0003016 0.0003016 0.0002687 0.0002015 0.0003423 0.0002011 0.0002011 0.0002346 0.0001013 0.0003016 0.0003032 
IPBCAMS_WH_05_2020_EPI_ISL_403928                        0.0000335 0.0001004 0.0001004 0.0001339 0.0000335 0.0000335 0.0001006 0.0001005 0.0000335 0.0001005 0.0409238 0.0000670 0.0000000 0.0000335 0.0000669 0.0002343 0.0001340 0.0001340 0.0000670 0.0000670 0.0000670 0.0000335 0.0000335 0.0001005 0.0000335 0.0000335 0.0001339 0.0002008 0.0001341 0.0001674 0.0002678 0.0001004 0.0001673 0.0000671 0.0001005 0.0001005 0.0000670 0.0000671 0.0000335 0.0009392 0.0001339 0.0001004 0.0003347 0.0001005 0.0001006 0.0000335 0.0000335 0.0001005 0.0018256 0.0000335 0.0001339 0.0001339 0.0001343 0.0000335 0.0000670 0.0001676 0.0002011 0.0000337 0.0001005 0.0001677 0.0001339 0.0000335 0.0001007 0.0001676 0.0002344 0.0001340 0.0000670 0.0000670 0.0001339 0.0001339 0.0001004 0.0001340 0.0000670 0.0002008 0.0001339 0.0000669 0.0002679 0.0009495 0.0002344 0.0005692 0.0000670 0.0008242 0.0000671 0.0001018 0.0001051 0.0007521 0.0001004 0.0001339 0.0002008 0.0001674 0.0002008 0.0004687 0.0001674 0.0000669 0.0001009 0.0000672 0.0001418 0.0001673 0.0000335 0.0002678 0.0001004 0.0000671 0.0001728 0.0000335 0.0000335 0.0001360 0.0001005 0.0000671 0.2091172 0.2092912 0.2088430 0.2093090 0.2084075 0.2096113 0.0885915 0.0001005 0.0001007 0.0001004 0.0001008 0.0001004 0.0001004 0.0002009 0.0001674 0.0001005 0.0001004 0.1196543 0.0001339 0.0001339 0.0001004 0.0001339 0.0001004 0.0001004 0.0000670 0.0000335 0.0001004 0.0000335 0.0003347 0.0001339 0.0002678 0.0002008 0.0001673 0.0000669 0.0002678 0.0002678 0.0000335 0.0002681 0.0001007 0.0001005 0.0001676 0.0002010 0.1208935 0.0000669 0.0003022 0.0001679 0.0002351 0.0000672 0.0002686 0.0000670 0.0000335 0.0010997 0.0003025 0.0001394 0.0001694 0.0001673 0.0002343 0.0004352 0.0003682 0.0002345 0.0003746 0.0003351 0.0001673 0.0001004 0.0002351 0.0001675 0.0001005 0.0002011 0.0002011 0.0002011 0.0003031 0.0001006 0.0001340 0.0002015 0.0002344 0.0001675 0.0002343 0.0003350 0.0003683 0.0002681 0.0003358 0.0003014 0.0004686 0.0002687 0.0002015 0.0003423 0.0002010 0.0003682 0.0002343 0.0001012 0.0003350 0.0003030 
BetaCoV_Wuhan_IPBCAMS_WH_04_2019_EPI_ISL_403929          0.0000010 0.0000669 0.0000669 0.0001004 0.0000010 0.0000010 0.0000671 0.0000670 0.0000010 0.0000670 0.0408737 0.0000335 0.0000335 0.0000000 0.0000335 0.0002008 0.0001005 0.0001005 0.0000335 0.0000335 0.0000335 0.0000010 0.0000010 0.0000670 0.0000010 0.0000010 0.0001004 0.0001673 0.0001005 0.0001339 0.0002343 0.0000669 0.0001339 0.0000335 0.0000670 0.0000670 0.0000335 0.0000336 0.0000010 0.0009054 0.0001004 0.0000669 0.0003012 0.0000670 0.0000671 0.0000010 0.0000010 0.0000670 0.0018256 0.0000010 0.0001004 0.0001004 0.0001007 0.0000010 0.0000335 0.0001341 0.0001676 0.0000010 0.0000670 0.0001342 0.0001004 0.0000010 0.0000672 0.0001341 0.0002009 0.0001005 0.0000335 0.0000335 0.0001004 0.0001004 0.0000669 0.0001005 0.0000335 0.0001673 0.0001004 0.0000335 0.0002343 0.0009153 0.0002009 0.0005356 0.0000335 0.0008241 0.0000335 0.0000679 0.0000701 0.0007124 0.0000669 0.0001004 0.0001674 0.0001339 0.0001674 0.0004351 0.0001339 0.0000335 0.0000673 0.0000336 0.0001063 0.0001339 0.0000010 0.0002343 0.0000670 0.0000335 0.0001382 0.0000010 0.0000010 0.0001020 0.0000670 0.0000335 0.2090293 0.2092033 0.2087553 0.2092211 0.2083199 0.2095154 0.0885185 0.0000670 0.0000672 0.0000669 0.0000672 0.0000669 0.0000669 0.0001674 0.0001339 0.0000670 0.0000670 0.1195932 0.0001004 0.0001004 0.0000669 0.0001004 0.0000670 0.0000669 0.0000335 0.0000010 0.0001004 0.0000010 0.0003012 0.0001004 0.0002343 0.0001673 0.0001339 0.0000335 0.0002343 0.0002344 0.0000010 0.0002345 0.0000671 0.0000670 0.0001341 0.0001675 0.1208935 0.0000335 0.0002686 0.0001343 0.0002014 0.0000336 0.0002350 0.0000335 0.0000010 0.0010652 0.0002689 0.0001046 0.0001356 0.0002342 0.0002008 0.0005690 0.0004686 0.0002010 0.0003405 0.0003016 0.0001338 0.0000669 0.0002015 0.0001340 0.0000670 0.0001676 0.0001676 0.0001676 0.0002694 0.0000670 0.0001004 0.0001679 0.0002009 0.0001340 0.0002009 0.0003015 0.0003348 0.0002346 0.0003022 0.0002679 0.0004351 0.0002351 0.0001679 0.0003080 0.0001675 0.0003346 0.0002008 0.0000675 0.0003015 0.0002692 
BetaCoV_Wuhan_IPBCAMS_WH_03_2019_EPI_ISL_403930          0.0000335 0.0001004 0.0001004 0.0001338 0.0000335 0.0000334 0.0001006 0.0001005 0.0000335 0.0001005 0.0409109 0.0000670 0.0000669 0.0000335 0.0000000 0.0002342 0.0001340 0.0001340 0.0000670 0.0000670 0.0000670 0.0000335 0.0000335 0.0001005 0.0000335 0.0000335 0.0001339 0.0002008 0.0001341 0.0001674 0.0002678 0.0001004 0.0001673 0.0000671 0.0001005 0.0001005 0.0000670 0.0000671 0.0000335 0.0009389 0.0001338 0.0001004 0.0003346 0.0001005 0.0001006 0.0000335 0.0000335 0.0001005 0.0018779 0.0000335 0.0001339 0.0001338 0.0001343 0.0000335 0.0000670 0.0001676 0.0002011 0.0000337 0.0001005 0.0001677 0.0001339 0.0000335 0.0001007 0.0001676 0.0002344 0.0001340 0.0000670 0.0000670 0.0001339 0.0001339 0.0001004 0.0001340 0.0000670 0.0002008 0.0001339 0.0000669 0.0002678 0.0009492 0.0002343 0.0005691 0.0000669 0.0008585 0.0000671 0.0001018 0.0001051 0.0007520 0.0001004 0.0001338 0.0002008 0.0001674 0.0002008 0.0004685 0.0001674 0.0000669 0.0001009 0.0000672 0.0001418 0.0001673 0.0000335 0.0002678 0.0001004 0.0000671 0.0001728 0.0000335 0.0000335 0.0001360 0.0001005 0.0000671 0.2090833 0.2092573 0.2088092 0.2092751 0.2083738 0.2095743 0.0885766 0.0001005 0.0001007 0.0001004 0.0001008 0.0001004 0.0001004 0.0002009 0.0001674 0.0001005 0.0001004 0.1196384 0.0001339 0.0001339 0.0001004 0.0001339 0.0001004 0.0001004 0.0000670 0.0000335 0.0001338 0.0000335 0.0003345 0.0001338 0.0002677 0.0002008 0.0001673 0.0000669 0.0002678 0.0002678 0.0000335 0.0002681 0.0001007 0.0001005 0.0001676 0.0002010 0.1208935 0.0000669 0.0003022 0.0001679 0.0002350 0.0000671 0.0002686 0.0000670 0.0000335 0.0010996 0.0003025 0.0001394 0.0001694 0.0002677 0.0003011 0.0008379 0.0006359 0.0002345 0.0003746 0.0003351 0.0001673 0.0001003 0.0002351 0.0001675 0.0001005 0.0002011 0.0002011 0.0002011 0.0003031 0.0001005 0.0001339 0.0002015 0.0002343 0.0001675 0.0002343 0.0003350 0.0003683 0.0002681 0.0003358 0.0003014 0.0004684 0.0002687 0.0002015 0.0003423 0.0002010 0.0003680 0.0002342 0.0001012 0.0003350 0.0003028 
BetaCoV_Wuhan_IPBCAMS_WH_02_2019_EPI_ISL_403931          0.0002008 0.0002677 0.0002677 0.0003012 0.0002008 0.0002008 0.0002683 0.0002680 0.0002010 0.0002680 0.0411121 0.0002346 0.0002343 0.0002008 0.0002342 0.0000000 0.0003016 0.0003016 0.0002346 0.0002346 0.0002346 0.0002010 0.0002010 0.0002682 0.0002010 0.0002009 0.0003012 0.0003681 0.0003017 0.0003348 0.0004352 0.0002678 0.0003347 0.0002349 0.0002682 0.0002682 0.0002346 0.0002349 0.0002011 0.0011072 0.0003012 0.0002677 0.0005020 0.0002680 0.0002684 0.0002008 0.0002008 0.0002679 0.0021403 0.0002009 0.0003013 0.0003013 0.0003023 0.0002011 0.0002346 0.0003352 0.0003687 0.0002022 0.0002681 0.0003354 0.0003012 0.0002011 0.0002687 0.0003353 0.0004019 0.0003015 0.0002346 0.0002346 0.0003012 0.0003012 0.0002678 0.0003014 0.0002345 0.0003681 0.0003012 0.0002343 0.0004352 0.0011194 0.0004018 0.0007366 0.0002344 0.0008241 0.0002348 0.0000679 0.0000701 0.0007124 0.0002677 0.0003012 0.0003683 0.0003348 0.0003683 0.0006360 0.0003348 0.0002343 0.0002690 0.0002351 0.0002127 0.0003347 0.0002010 0.0004352 0.0002679 0.0002348 0.0003111 0.0002008 0.0002008 0.0001020 0.0002681 0.0002347 0.2093470 0.2095210 0.2090725 0.2095389 0.2086366 0.2098622 0.0889148 0.0002679 0.0002686 0.0002677 0.0002689 0.0002677 0.0002677 0.0003684 0.0003349 0.0002681 0.0002678 0.1196439 0.0003014 0.0003014 0.0002677 0.0003013 0.0002679 0.0002678 0.0002344 0.0002010 0.0003012 0.0002008 0.0005020 0.0003012 0.0004351 0.0003681 0.0003347 0.0002343 0.0004352 0.0004353 0.0002009 0.0004356 0.0002686 0.0002681 0.0003352 0.0003686 0.1209532 0.0002343 0.0004701 0.0003358 0.0004029 0.0002350 0.0004365 0.0002346 0.0002010 0.0010652 0.0004706 0.0001046 0.0003389 0.0004351 0.0004016 0.0007364 0.0006361 0.0004021 0.0005449 0.0005027 0.0003347 0.0002677 0.0004030 0.0003351 0.0002681 0.0003687 0.0003687 0.0003687 0.0002694 0.0002681 0.0003014 0.0003694 0.0004019 0.0003350 0.0004018 0.0005026 0.0005358 0.0004357 0.0005037 0.0004689 0.0006360 0.0004366 0.0003694 0.0005134 0.0003685 0.0005355 0.0004016 0.0000675 0.0005025 0.0002692 
BetaCoV_Guangdong_20SF012_2020_EPI_ISL_403932            0.0001005 0.0001676 0.0001676 0.0002011 0.0001005 0.0001005 0.0001677 0.0001676 0.0001005 0.0001676 0.0408055 0.0001340 0.0001340 0.0001005 0.0001340 0.0003016 0.0000000 0.0000010 0.0001340 0.0001340 0.0001340 0.0001005 0.0001005 0.0001676 0.0001006 0.0000335 0.0000670 0.0000670 0.0000010 0.0002011 0.0002011 0.0001676 0.0000335 0.0001342 0.0001676 0.0001676 0.0001341 0.0001342 0.0001006 0.0008730 0.0000010 0.0001676 0.0004022 0.0001676 0.0001678 0.0001005 0.0001005 0.0001676 0.0019825 0.0001006 0.0000670 0.0002011 0.0002015 0.0001006 0.0001341 0.0001006 0.0001341 0.0001011 0.0001677 0.0001006 0.0000670 0.0001006 0.0000336 0.0001006 0.0001676 0.0000335 0.0001341 0.0001341 0.0002011 0.0002011 0.0001676 0.0002011 0.0001340 0.0001340 0.0000670 0.0001340 0.0003352 0.0008483 0.0001676 0.0004358 0.0001341 0.0007217 0.0001343 0.0000339 0.0001402 0.0007917 0.0001676 0.0002011 0.0000670 0.0000335 0.0000670 0.0001676 0.0002346 0.0001341 0.0001681 0.0001343 0.0002127 0.0002346 0.0001006 0.0002011 0.0001676 0.0001342 0.0002421 0.0001005 0.0001005 0.0000680 0.0001676 0.0001341 0.2086430 0.2088170 0.2083694 0.2088347 0.2081675 0.2094113 0.0883489 0.0001676 0.0001679 0.0001676 0.0001680 0.0001676 0.0001676 0.0001340 0.0001005 0.0001676 0.0001676 0.1194559 0.0002011 0.0000670 0.0001676 0.0002011 0.0001676 0.0001676 0.0001340 0.0001006 0.0000335 0.0001005 0.0004022 0.0002011 0.0003351 0.0002681 0.0001005 0.0001340 0.0001340 0.0001340 0.0001005 0.0001676 0.0001678 0.0001676 0.0002347 0.0002681 0.1207321 0.0001340 0.0002017 0.0001008 0.0001680 0.0001008 0.0001680 0.0001340 0.0001005 0.0011685 0.0003698 0.0001743 0.0002372 0.0001676 0.0002346 0.0002681 0.0001676 0.0001676 0.0004427 0.0004023 0.0002346 0.0001676 0.0003023 0.0001005 0.0000335 0.0001341 0.0002682 0.0001341 0.0002358 0.0001678 0.0002011 0.0002687 0.0002347 0.0002346 0.0003016 0.0004023 0.0004357 0.0003353 0.0004030 0.0003687 0.0003687 0.0003358 0.0002687 0.0004107 0.0001340 0.0001340 0.0001676 0.0001688 0.0002346 0.0002358 
BetaCoV_Guangdong_20SF013_2020_EPI_ISL_403933            0.0001005 0.0001676 0.0001676 0.0002011 0.0001005 0.0001005 0.0001677 0.0001676 0.0001005 0.0001676 0.0408055 0.0001340 0.0001340 0.0001005 0.0001340 0.0003016 0.0000010 0.0000000 0.0001340 0.0001340 0.0001340 0.0001005 0.0001005 0.0001676 0.0001006 0.0000335 0.0000670 0.0000670 0.0000010 0.0002011 0.0002011 0.0001676 0.0000335 0.0001342 0.0001676 0.0001676 0.0001341 0.0001342 0.0001006 0.0008730 0.0000010 0.0001676 0.0004022 0.0001676 0.0001678 0.0001005 0.0001005 0.0001676 0.0019825 0.0001006 0.0000670 0.0002011 0.0002015 0.0001006 0.0001341 0.0001006 0.0001341 0.0001011 0.0001677 0.0001006 0.0000670 0.0001006 0.0000336 0.0001006 0.0001676 0.0000335 0.0001341 0.0001341 0.0002011 0.0002011 0.0001676 0.0002011 0.0001340 0.0001340 0.0000670 0.0001340 0.0003352 0.0008483 0.0001676 0.0004358 0.0001341 0.0007217 0.0001343 0.0000339 0.0001402 0.0007917 0.0001676 0.0002011 0.0000670 0.0000335 0.0000670 0.0001676 0.0002346 0.0001341 0.0001681 0.0001343 0.0002127 0.0002346 0.0001006 0.0002011 0.0001676 0.0001342 0.0002421 0.0001005 0.0001005 0.0000680 0.0001676 0.0001341 0.2086430 0.2088170 0.2083694 0.2088347 0.2081675 0.2094113 0.0883489 0.0001676 0.0001679 0.0001676 0.0001680 0.0001676 0.0001676 0.0001340 0.0001005 0.0001676 0.0001676 0.1194559 0.0002011 0.0000670 0.0001676 0.0002011 0.0001676 0.0001676 0.0001340 0.0001006 0.0000335 0.0001005 0.0004022 0.0002011 0.0003351 0.0002681 0.0001005 0.0001340 0.0001340 0.0001340 0.0001005 0.0001676 0.0001678 0.0001676 0.0002347 0.0002681 0.1207321 0.0001340 0.0002017 0.0001008 0.0001680 0.0001008 0.0001680 0.0001340 0.0001005 0.0011685 0.0003698 0.0001743 0.0002372 0.0001676 0.0002346 0.0002681 0.0001676 0.0001676 0.0004427 0.0004023 0.0002346 0.0001676 0.0003023 0.0001005 0.0000335 0.0001341 0.0002682 0.0001341 0.0002358 0.0001678 0.0002011 0.0002687 0.0002347 0.0002346 0.0003016 0.0004023 0.0004357 0.0003353 0.0004030 0.0003687 0.0003687 0.0003358 0.0002687 0.0004107 0.0001340 0.0001340 0.0001676 0.0001688 0.0002346 0.0002358 
BetaCoV_Guangdong_20SF014_2020_EPI_ISL_403934            0.0000335 0.0001005 0.0001005 0.0001340 0.0000335 0.0000335 0.0001006 0.0001005 0.0000335 0.0001005 0.0409202 0.0000670 0.0000670 0.0000335 0.0000670 0.0002346 0.0001340 0.0001340 0.0000000 0.0000670 0.0000670 0.0000335 0.0000335 0.0001006 0.0000335 0.0000335 0.0001340 0.0002011 0.0001341 0.0001340 0.0002681 0.0001005 0.0001676 0.0000671 0.0001006 0.0001006 0.0000670 0.0000671 0.0000335 0.0009402 0.0001340 0.0001005 0.0002681 0.0001005 0.0001006 0.0000335 0.0000335 0.0001006 0.0018779 0.0000335 0.0001341 0.0001341 0.0001343 0.0000335 0.0000670 0.0001676 0.0002012 0.0000337 0.0001006 0.0001677 0.0001340 0.0000335 0.0001007 0.0001677 0.0002346 0.0001006 0.0000670 0.0000670 0.0001340 0.0001340 0.0001005 0.0001340 0.0000670 0.0002011 0.0001340 0.0000670 0.0002681 0.0009162 0.0002346 0.0005029 0.0000670 0.0008249 0.0000672 0.0001018 0.0001051 0.0007520 0.0001005 0.0001340 0.0002011 0.0001676 0.0002011 0.0002346 0.0001676 0.0000670 0.0001009 0.0000672 0.0001418 0.0001676 0.0000335 0.0002681 0.0001005 0.0000671 0.0001729 0.0000335 0.0000335 0.0001360 0.0001006 0.0000671 0.2087510 0.2089249 0.2084773 0.2089427 0.2082753 0.2094667 0.0885324 0.0001005 0.0001007 0.0001005 0.0001008 0.0001005 0.0001005 0.0002011 0.0001676 0.0001005 0.0001005 0.1196006 0.0001340 0.0001340 0.0001005 0.0001340 0.0001005 0.0001005 0.0000670 0.0000335 0.0001005 0.0000335 0.0003351 0.0001340 0.0002681 0.0002011 0.0001676 0.0000670 0.0002681 0.0000670 0.0000335 0.0002346 0.0001007 0.0001006 0.0001676 0.0002011 0.1209022 0.0000670 0.0002689 0.0001680 0.0002353 0.0000336 0.0002353 0.0000670 0.0000335 0.0010997 0.0003025 0.0001394 0.0001694 0.0001005 0.0001676 0.0002011 0.0001005 0.0002347 0.0003746 0.0003352 0.0001676 0.0001005 0.0002351 0.0001676 0.0001005 0.0002011 0.0002011 0.0002011 0.0003031 0.0001007 0.0001341 0.0002015 0.0002347 0.0001676 0.0002346 0.0003352 0.0003687 0.0002682 0.0003358 0.0003016 0.0003016 0.0002687 0.0002015 0.0003423 0.0002011 0.0002011 0.0002346 0.0001013 0.0003016 0.0003032 
